# x y
1.805198684432700595e-01 1.533972267717280957e-01
2.319117503999180152e-01 2.233644876011461888e-01
9.120511730801439398e-02 5.508822828416130857e-02
7.929645504079228802e-02 4.465917073426230177e-02
4.416134722419253755e-01 5.869396739862874357e-01
1.263248127488111883e-01 8.979724040581291145e-02
3.046543125527971796e-01 3.363109369419287620e-01
5.747349667704931830e-02 2.755696763545461420e-02
1.734844229519425310e-02 4.570047609689851381e-03
7.582494655092331115e-02 4.175881488912249612e-02
1.064639066565334080e-01 6.947580591832627772e-02
8.858977618731176187e-03 1.667651899192494581e-03
9.110188322080428266e-03 1.739085874480112044e-03
6.742292849370946830e-05 1.107239100183956417e-06
1.927216367651815032e-01 1.692098766204367666e-01
1.380499762628678018e-01 1.025851505431951138e-01
1.229878945811065383e-01 8.626279906018814725e-02
4.471966522384823728e-02 1.891375727117716038e-02
5.948388350953243142e-02 2.901542707895207046e-02
6.662704704996036398e-02 3.439583396987642983e-02
2.075882209624782190e-02 5.981829857832056396e-03
9.944633734074820319e-02 6.272103038705514888e-02
1.103023861441317782e-01 7.326682247830416939e-02
2.934483703940855004e-01 3.179271001388663254e-01
3.500885257458876548e-02 1.310076966303209793e-02
1.858390062519145111e-02 5.066818030873266460e-03
4.588164469624966824e-02 1.965569759381011541e-02
2.752008269346569169e-01 2.887384345206056580e-01
4.621817605623040892e-02 1.987234871871287195e-02
5.341064046301799602e-03 7.806775208628256553e-04
1.854662018143634350e-01 1.597449592144815911e-01
5.849113611614391046e-04 2.829209327769755344e-05
2.012684505979128388e-02 5.710755289030059086e-03
1.130785622573533405e-01 7.605020913041357633e-02
1.023800730409961529e-01 6.551687105005139788e-02
5.754036045880599366e-03 8.729489821593753316e-04
8.462282915934610239e-02 4.923356757836228753e-02
9.354450589624564716e-02 5.722126093367213562e-02
1.444376538809016286e-01 1.097869282224248344e-01
8.167921958756626036e-03 1.476377320240346899e-03
8.062185890135883937e-02 4.578352286238254049e-02
2.894295115685857622e-01 3.114183599643318145e-01
5.754306499333508573e-02 2.760701692685504569e-02
3.229704225396778927e-02 1.160844700846876132e-02
1.705311318385465541e-02 4.453849189974929193e-03
1.180245667735860260e-02 2.564416827997659937e-03
7.682802640195231236e-02 4.259018348547359556e-02
1.710175073017471403e-01 1.414460596874145548e-01
3.016403691455029623e-01 3.313326172476787623e-01
4.624649317957564565e-03 6.289964655133866746e-04
7.240481692873028917e-03 1.232199945776308410e-03
1.800885231584708757e-01 1.528477501741631051e-01
9.597170509163940877e-02 5.946272556566249701e-02
2.480184142613146847e-02 7.811885791399972648e-03
5.333527566534623093e-02 2.463495718476861260e-02
2.502853119948210414e-03 2.504280900734178221e-04
1.739482360319307211e-02 4.588386984931799167e-03
4.766154074916159611e-02 2.081048070158917490e-02
1.058958280432390764e-01 6.892047653411462194e-02
7.776107794285834485e-02 4.336840041190546946e-02
1.788704740815483078e-03 1.512996706830129542e-04
1.311603037811890915e-01 9.500218992688794217e-02
7.248208444149388530e-02 3.902797401051867621e-02
8.128668027081446812e-02 4.635099664200543340e-02
1.209982487690916542e-02 2.661942209589125610e-03
7.354333047601592510e-02 3.988824565051332649e-02
1.359338346722097079e-02 3.169723271306159988e-03
2.276640959222538813e-02 6.870238489644032651e-03
3.547813451446840335e-03 4.226405469081960368e-04
3.955761639416502384e-02 1.573530508209434325e-02
1.859790795957944054e-01 1.604080416599527326e-01
1.613480855030426930e-01 1.296211053359334897e-01
6.512745693014558579e-02 3.324116041823032414e-02
7.991136548540651516e-03 1.428705850876250917e-03
1.662226266772344752e-01 1.355392901764063129e-01
6.246696017102945295e-03 9.874282640250178246e-04
1.509689626780657545e-01 1.173171494781506813e-01
9.356168236697647023e-02 5.723702195171135459e-02
1.167839182308598178e-01 7.981868324032262429e-02
3.665664789784393168e-02 1.403650929574288587e-02
1.112256496043163845e-02 2.346050854881575817e-03
5.140141525401201172e-02 2.330733459169671146e-02
3.124784505589254247e-01 3.493494825960384298e-01
4.157561647868233609e-03 5.361521379091979764e-04
5.965156981169607471e-03 9.214309834446454813e-04
1.763670678745657069e-02 4.684424436365813675e-03
2.253423837446395517e-01 2.139411479760536805e-01
1.266404461020291528e-01 9.013399967508881061e-02
1.102085965768217213e-01 7.317339472651814003e-02
6.074139191718890690e-02 2.994036602154774573e-02
6.253480431079574964e-02 3.127610686677975704e-02
6.184830229069007701e-02 3.076250307069387444e-02
5.441460597768180835e-02 2.538652334272319122e-02
3.393413560898488751e-02 1.250216373181354222e-02
6.443258201577742317e-02 3.271058404738175218e-02
2.454593440197055942e-01 2.432200366253657597e-01
7.722354329724590363e-03 1.357233538105888631e-03
1.354297893101543727e-02 3.152109529224885864e-03
1.813504125828053759e-01 1.544570790519854409e-01
4.744353706879512328e-02 2.066786352319176234e-02
4.455915853640655122e-01 5.948883542194304264e-01
2.987600074625513247e-01 3.265981257242173141e-01
1.648794131144971087e-01 1.338997126548905903e-01
7.251564594657807644e-03 1.235030194395239514e-03
2.071052275086985792e-02 5.960965209746621474e-03
7.491577727839178469e-02 4.101001521606487815e-02
5.672545720061459434e-02 2.702072534571173940e-02
5.089408002214423216e-02 2.296312014843385901e-02
7.695891199825175347e-03 1.350263022708177770e-03
2.063690347860129559e-01 1.874980671277381439e-01
1.497638255816238252e-02 3.665560428554597190e-03
3.878926704368845096e-02 1.527908530539310791e-02
3.687387291176316001e-02 1.416146317791790871e-02
3.490943282673494158e-02 1.304500305078281665e-02
1.877310978842650080e-01 1.626800606506981217e-01
1.273435278535532808e-03 9.088564870491292857e-05
9.606486546881357058e-02 5.954932787271560030e-02
3.876871481218299720e-02 1.526694363360892558e-02
3.919175087056014917e-02 1.551750858548010120e-02
3.948199793050239520e-02 1.569020716373038457e-02
7.924716140419722776e-03 1.410930325856841203e-03
1.922272371727916027e-02 5.330308947108108701e-03
3.620745859431056569e-03 4.357396294251247425e-04
4.810780447822065459e-02 2.110344231127607786e-02
5.829045206074310453e-02 2.814661228338365129e-02
4.044929837044654135e-03 5.145131569188488713e-04
6.856829963576729914e-02 3.590997192096171547e-02
7.981569371679684416e-03 1.426140898530410669e-03
2.657256770583072969e-01 2.739556610046526841e-01
1.581740946205416887e-01 1.258151766049600551e-01
2.844201787336285148e-01 3.033685830981484588e-01
1.244674037229338143e-02 2.777240191618135252e-03
1.971089295892197724e-01 1.750207114507189576e-01
5.844331233804289649e-02 2.825740191398425777e-02
1.193624536747262543e-01 8.247676199080025694e-02
5.518287174980533033e-02 2.592605524855481555e-02
1.308749267691677598e-01 9.469230170869311070e-02
5.009337288004072491e-02 2.242334544073077904e-02
2.490611602942369163e-02 7.861202908627195479e-03
9.921925562931128983e-02 6.250632164826611104e-02
1.016722428456168503e-01 6.483859592749831313e-02
5.709536028785529814e-03 8.628418918801796693e-04
9.278642753957946909e-02 5.652709621798693296e-02
8.053980193581745939e-02 4.571364291454668716e-02
3.077687644688498203e-01 3.414812065781392403e-01
2.438807707151234849e-01 2.408775547868869660e-01
2.610421021432635102e-01 2.667447207223920258e-01
2.742453242620911461e-02 9.083199299566111634e-03
1.982011838551291094e-02 5.580708802949255025e-03
2.451035469569304848e-01 2.426914015784582268e-01
5.260498762413248763e-02 2.413072552597236159e-02
1.337134581169599316e-02 3.092378725208355834e-03
4.832412149466486923e-02 2.124593981961351088e-02
1.231281492348090117e-02 2.732536822241418435e-03
2.677245288453764527e-01 2.770526063367031999e-01
1.011857637421030298e-01 6.437379560612573048e-02
7.050493398513307808e-02 3.744201915323175367e-02
6.330241903735847608e-02 3.185374179345740880e-02
1.060428625416314774e-01 6.906406865688866081e-02
4.972973618473038081e-04 2.217962650940738105e-05
1.031556314407667818e-01 6.626274277356079823e-02
3.684501602061107661e-01 4.472991987369909217e-01
2.693852469734642208e-01 2.796344713872602195e-01
2.128258760116616063e-02 6.209643105681772295e-03
7.696667685921393387e-02 4.270552834318108032e-02
3.546358037449468762e-03 4.223805048200292354e-04
1.077626786636622924e-01 7.075099678652171931e-02
1.849478162084049471e-01 1.590756868965596815e-01
2.284027040152331323e-01 2.183141359282874949e-01
1.021255617906801846e-02 2.064104513743285092e-03
5.475027622342966416e-02 2.562179001385464158e-02
1.093274010146903785e-02 2.286249016233337338e-03
1.310781652257200502e-01 9.491296185338873870e-02
1.905263065463544125e-01 1.663268713581466662e-01
3.236998811226585171e-01 3.683356930003254259e-01
5.070022717196892570e-01 7.220127279700064848e-01
4.176762371008450186e-02 1.707220618045538624e-02
1.257909828076032681e-02 2.821657267751365768e-03
4.901982900001621707e-02 2.170639408964389686e-02
4.228120764396818831e-01 5.498586614185926313e-01
1.695375922447869277e-01 1.396140135864008536e-01
5.601229135794973113e-02 2.651276390559571122e-02
9.032929461300867602e-02 5.429663607397922087e-02
1.517127090543566592e-01 1.181851581666593931e-01
1.323992366279520827e-01 9.635144169227756461e-02
4.411014535250588203e-02 1.852839193966524661e-02
2.451292609012301060e-01 2.427295939073642050e-01
1.224608090882995104e-01 8.570885283416333766e-02
5.024022848264401292e-02 2.252202334977303905e-02
2.230539322628430632e-01 2.106904358395659538e-01
1.080701324987114326e-01 7.105399834930309355e-02
3.025825791972568471e-02 1.052678799104578809e-02
4.893914126899401307e-02 2.165282233719860797e-02
2.265429411548457450e-01 2.156531456911477962e-01
6.933209070825576380e-03 1.154599700411808490e-03
1.357731851316060570e-02 3.164105860724482962e-03
2.523067013550502557e-04 8.015362607165975195e-06
9.667695516457455729e-02 6.011937284723324615e-02
1.400597105219044403e-01 1.048334388703598408e-01
1.071370168284053181e-01 7.013572972192574917e-02
8.644598700920361201e-02 5.083317679655235954e-02
4.498785949174199938e-02 1.908415744102476622e-02
5.718036365439580632e-02 2.734641279700085470e-02
4.372252380848985764e-02 1.828469961435946756e-02
2.698060240099609541e-01 2.802899064989276545e-01
1.721121976115726898e-02 4.515932798171187409e-03
5.932807485004611137e-02 2.890149975559934414e-02
7.071800841110092994e-02 3.761187878204919760e-02
6.137493185594665446e-03 9.616488798655003969e-04
8.879775800061925906e-02 5.292160375061489425e-02
3.664030650452258786e-02 1.402712420872193576e-02
2.587705111654774529e-02 8.325343689527869503e-03
1.093337652252964753e-01 7.230385490838525664e-02
6.323206387603420853e-02 3.180065253468036812e-02
5.566044240190668596e-03 8.305197728151944830e-04
1.744028681693600979e-01 1.456667497751626128e-01
5.292750025985299978e-01 7.701087716588256304e-01
1.530738460309342130e-01 1.197792217148295202e-01
7.008896869376995964e-02 3.711115749973976224e-02
9.007110882060355428e-02 5.406401057803998655e-02
1.534115500118744639e-02 3.800293007011839187e-03
1.633862391929321867e-01 1.320849116945566615e-01
1.171637065170036823e-01 8.020836232361855389e-02
5.227774629942451290e-02 2.390591004050537927e-02
7.190609862282512643e-02 3.856369015161433683e-02
2.932670988799624956e-01 3.176325565413311569e-01
6.560694073862714804e-02 3.360892922851807518e-02
8.324575056794767530e-03 1.519053626139041466e-03
1.398213224489657652e-02 3.306664278740754827e-03
4.376494405970499102e-02 1.831131620420230199e-02
2.756809492460050026e-01 2.894943745341896357e-01
2.667589552210845039e-01 2.755551342467296161e-01
4.291257716368565567e-01 5.622207778937421407e-01
1.647221864057862861e-01 1.337082309739446306e-01
2.303910654009865347e-02 6.994045370777930877e-03
2.128822136211749039e-01 1.964441326479705319e-01
2.461868924440368256e-01 2.443022041112337117e-01
4.272511216079649121e-01 5.585406844745101074e-01
4.398410354131632727e-01 5.834096561422509319e-01
5.181934673843583555e-02 2.359217039614679504e-02
3.507441081340323397e-03 4.154469474338602403e-04
8.415789801778070234e-02 4.882837994390696462e-02
1.540526038753040616e-01 1.209298629635736089e-01
1.567049568401122916e-01 1.240663760821878320e-01
3.240945244488120658e-02 1.166910469250406063e-02
1.237577184369158395e-01 8.707398827131788976e-02
6.586911968454182975e-02 3.381059274651887492e-02
5.182249621986989574e-02 2.359432125976195643e-02
9.690599909729365191e-02 6.033314866685098032e-02
4.920396013166542654e-02 2.182881109672846903e-02
3.170905451928028584e-02 1.129288575787248429e-02
1.314790168710661677e-01 9.534867617648225269e-02
2.886619999070442338e-02 9.808767036421387961e-03
1.411508420698033561e-01 1.060608750041228121e-01
1.225502233541127597e-02 2.713320876509996062e-03
1.331270318879078651e-01 9.714699464108296489e-02
3.144581162782353334e-01 3.526746210993115804e-01
2.335549491736533811e-01 2.257426441593476940e-01
1.504065777103820167e+00 3.689183351423917401e+00
8.075651256566974967e-02 4.589827138027768177e-02
8.632606067220359447e-02 5.072743235272852286e-02
1.054825232454674605e-01 6.851738202015744683e-02
7.137140118781032383e-02 3.813434842067275898e-02
7.122354918987203187e-03 1.202168690464558562e-03
6.532707705928755826e-02 3.339410712688734711e-02
1.543155394657926838e-01 1.212395980268875656e-01
3.314935838141120361e-01 3.817180406982610408e-01
3.760435947553947278e-02 1.458435708562649639e-02
9.803475048724838437e-02 6.139034406529730870e-02
2.037487050883937667e-01 1.839383479786189657e-01
1.577678984065730428e-01 1.253308416932788771e-01
4.344210799276297663e-02 1.810907769298266204e-02
1.477171972512476665e-02 3.590679018302475253e-03
1.368092472035423992e-03 1.012052810925136631e-04
3.829632666034925997e-02 1.498875890722698237e-02
1.194489711709617180e-01 8.256645069451615249e-02
2.377031951169781832e-01 2.317835043739982226e-01
5.299559236575458743e-02 2.439998852090380713e-02
2.558121889294951486e-03 2.587687610519333195e-04
2.012361590493609142e-03 1.805464796488902561e-04
5.526524059615733897e-02 2.598412478766000053e-02
2.025243542350765868e-01 1.822828792058815151e-01
1.254628238576861211e-03 8.887970060007774928e-05
1.206908038107525338e-01 8.385737534286921702e-02
1.558097209973370312e-01 1.230047323990192676e-01
1.570861908223469480e-02 3.937649071399044326e-03
1.326348239197578660e-01 9.660872342240155175e-02
8.903631978738871591e-03 1.680276666936163493e-03
4.415802563932346575e-02 1.855856817504814016e-02
1.144140819085211619e-01 7.740147122835104587e-02
2.467746193584097886e-02 7.753195440854160521e-03
3.437265804060720895e-03 4.030414121992804922e-04
1.833328103028172285e-01 1.569966152281904725e-01
1.478939813174846296e-01 1.137511369558231178e-01
6.882744566578151424e-02 3.611374058339521936e-02
8.868039936745113205e-02 5.281672349254348808e-02
1.937423625530876881e-01 1.705559531120302841e-01
1.531190704608837994e-01 1.198323073389343935e-01
5.346267252670431486e-02 2.472327461302653226e-02
4.612913588696516271e-02 1.981494971607070110e-02
1.771140258613721485e-01 1.490765823880152718e-01
1.434134892534180694e-02 3.434907127418545831e-03
1.657333150065008406e-02 4.267216931064857915e-03
8.965941714477973501e-02 5.369376560516535279e-02
9.151907894519344111e-02 5.537292392580765027e-02
5.617600287623929906e-02 2.662908520019366398e-02
1.119805288172186081e-01 7.494519031475860293e-02
9.189967812279735068e-03 1.761980026766023655e-03
5.397906490862224294e-01 7.931731987718603216e-01
3.591381258588362269e-02 1.361201013030627002e-02
6.799706698650701507e-03 1.121412172203822616e-03
1.361339720213931292e-01 1.004568995125110498e-01
5.065732320369491920e-02 2.280307164475521564e-02
6.166427841328808723e-02 3.062530879479801946e-02
1.055710930057423592e-02 2.169439396526213776e-03
1.295561735945860438e-01 9.326467148394892992e-02
8.190480811915387335e-03 1.482497915876524082e-03
2.582527136967452397e-02 8.300367787169506129e-03
8.815516875903180172e-02 5.234818968272488687e-02
2.430000831803522457e-02 7.575994122266701929e-03
1.369628755711971846e-01 1.013757998969374297e-01
4.488568294073658205e-02 1.901917838432460109e-02
1.108624883651707221e-01 7.382559045990193247e-02
2.850203390016079613e-02 9.623737623172682124e-03
1.598549439123151533e-02 4.042212161291168677e-03
1.891257863124362615e-02 5.201829528838936879e-03
1.551977675845107874e-01 1.222807800674633183e-01
1.704817070865523032e-01 1.407818519192870210e-01
1.588068491714580283e-02 4.002523029320216412e-03
1.016541799093370477e-04 2.049830058305141321e-06
1.425725393067391045e-01 1.076673001195474072e-01
6.587444766650953076e-02 3.381469510598777983e-02
3.252464395037048955e-02 1.173137242556413287e-02
2.779546957818423633e-02 9.268106567812118418e-03
4.596121265492403990e-02 1.970685012784406664e-02
2.629256592595910144e-02 8.526669956322608518e-03
4.925888005300548683e-02 2.186536824727919326e-02
4.781038124131252454e-02 2.090803920807141059e-02
3.174284751838592905e-02 1.131094316172470172e-02
7.696477922471497979e-02 4.270394897816873203e-02
1.436384247613869264e-02 3.442991465873474627e-03
5.946330754541241659e-02 2.900037336894506143e-02
3.841038381324684559e-01 4.761052450430663385e-01
4.724540620144140196e-02 2.053853093958453099e-02
5.855495735668097418e-02 2.833841129437446663e-02
1.157493811368473929e-01 7.876041797264411726e-02
9.875476051014142609e-02 6.206790058719204722e-02
1.592829532032607673e-02 4.020535900731950392e-03
5.835523667090661282e-02 2.819354897200944052e-02
1.908209503121637285e-01 1.667128504820321044e-01
1.668899306405437558e-02 4.311964700836993201e-03
1.080607959083135922e-01 7.104479060982808736e-02
5.034352371627019984e-01 7.144065220651502068e-01
3.101432496496001751e-02 1.092379383931224579e-02
2.372866783325703818e-02 7.310381320424408705e-03
1.173211024555454174e-01 8.037004263111842406e-02
5.043155325198005884e-02 2.265079826345636760e-02
2.100430331409118279e-01 1.925273430065308211e-01
1.525479089414914224e-01 1.191624390847409176e-01
1.262693892839280851e-01 8.973815072857886654e-02
4.316253385441774781e-03 5.671401499096944071e-04
1.472963123565531468e-02 3.575343780618234473e-03
2.765949321501742775e-02 9.200179983204213527e-03
5.085652303392942941e-02 2.293770658832957471e-02
1.692606425272703136e-02 4.404168976856328438e-03
1.775822813948249035e-01 1.496681678285739503e-01
1.079404955561668635e-02 2.242882937206524489e-03
1.174970114897862239e-01 8.055086834518426775e-02
6.841083954780561444e-03 1.131663675366061019e-03
6.569712450796126590e-02 3.367825164890824591e-02
4.591121019500890577e-02 1.967469944459609987e-02
4.914085393977769139e-03 6.889600574143404975e-04
1.008092738272225869e-01 6.401484896702830385e-02
6.486208417374834945e-02 3.303819748897598996e-02
5.436615205889246127e-02 2.535262244484524224e-02
2.957506517978968352e-01 3.216759271021036315e-01
1.608319259173805055e-02 4.079325774969546833e-03
1.051381558542424099e-01 6.818212434160945967e-02
6.145587619580630823e-02 3.047018689432494723e-02
7.057047668829574683e-02 3.749424148547939040e-02
8.588540328137428403e-02 5.033951587623564095e-02
2.724977660800255719e-01 2.844948539535949728e-01
1.002715703206089881e-01 6.350336226621108859e-02
6.320362100357085344e-02 3.177919822512381004e-02
9.355316536531387006e-02 5.722920662542851228e-02
1.635916860812871437e-02 4.184772359313588229e-03
1.775629083761387506e-01 1.496436768283322949e-01
2.235983056825839310e-01 2.114622058502694524e-01
5.083571706603843415e-03 7.249088911897575349e-04
1.766499674364050143e-01 1.484910705216024862e-01
8.930391079375013530e-02 5.337473263087553349e-02
1.691291941916124586e-02 4.399039536300566877e-03
1.312726753130598056e-01 9.512430569909925693e-02
1.489989798980791841e-02 3.637516217760090702e-03
3.222166786218577106e-01 3.658070074899986146e-01
3.113026025673521491e-01 3.473794497646408019e-01
4.694277557994747108e-02 2.034150784031037856e-02
7.210114516872333235e-02 3.872070352941893445e-02
7.892628162909003098e-02 4.434681763072580857e-02
7.872998604808732759e-02 4.418147974787171167e-02
1.463087696438116481e-01 1.119271725537220735e-01
2.009591597555851483e-02 5.697596702311311621e-03
8.720969939342401722e-02 5.150829566269332638e-02
1.546404045106387348e-01 1.216226498190416810e-01
1.286897678632752118e-01 9.233067740680890589e-02
1.526784990915257545e-01 1.193154871089282948e-01
5.452634789737719617e-02 2.546476138105025974e-02
3.479118671277898339e-02 1.297877966195834856e-02
5.412005190434054230e-02 2.518067120693103997e-02
2.020005908388973481e-02 5.741944035248916327e-03
9.412454966763059150e-02 5.775430508907195698e-02
4.781442380657038860e-02 2.091069105576744830e-02
7.921585540281884941e-02 4.459109836893302564e-02
8.172298955300870416e-02 4.672468301721215134e-02
4.164119354952720842e-02 1.699474878558606197e-02
9.648707264567257802e-02 5.994233979791101924e-02
2.991961413288786176e-01 3.273135451473990765e-01
5.347091013593783387e-02 2.472898893230278741e-02
4.877369216211790287e-02 2.154311228149137850e-02
5.762829427412610728e-02 2.766837437893460497e-02
2.759821086899957518e-02 9.169621060816760677e-03
1.389431132216351339e-01 1.035822961888287347e-01
1.796043179632390574e-01 1.522317205944311858e-01
6.010723281632223552e-03 9.320089816030282560e-04
8.792369474701276777e-02 5.214214468378166462e-02
6.038299961805986688e-02 2.967577166808665207e-02
5.577833985366927039e-02 2.634683015723013680e-02
1.000597457385949407e-01 6.330224145279843284e-02
2.190833669518810548e-02 6.485509587965738142e-03
8.263947233154839145e-02 4.751287374530748647e-02
7.416732281711418961e-02 4.039698004759536415e-02
5.404277926752122652e-02 2.512676099947725242e-02
1.285855936084907281e-01 9.221858769441128312e-02
4.999817815619594930e-02 2.235945765615354047e-02
2.977237833537334580e-02 1.027425379442400283e-02
8.019543965006215025e-02 4.542077128116476376e-02
8.945323616681623291e-02 5.350866068532512260e-02
8.302315465241272285e-02 4.784414993338984706e-02
3.416796225576617524e-02 1.263160724468725092e-02
3.647305369847779200e-01 4.405428780862174487e-01
3.674388438187800587e-02 1.408664579304926869e-02
1.082247287212590066e-02 2.251747838222719657e-03
6.885643502590320375e-03 1.142738333955139280e-03
9.300318347582131606e-02 5.672528905081748729e-02
5.301946783881746061e-02 2.441647933225230341e-02
1.877086760941350241e-02 5.143473606563331649e-03
3.282379925376123497e-02 1.189359833106537305e-02
5.237084283171427462e-02 2.396979614916375234e-02
7.719512758835479771e-02 4.289580572115186258e-02
1.902829594858208573e-01 1.660083151246359023e-01
6.649858864470439834e-02 3.429640805096172834e-02
3.212463757405952663e-02 1.151562067421181383e-02
4.622609651244494189e-02 1.987745725472117933e-02
1.117277211297508788e-01 7.469153877092980787e-02
4.729962356961091297e-02 2.057389515558699991e-02
1.432504513719907446e-01 1.084361261837400031e-01
5.790421232326475182e-02 2.786732182223887119e-02
5.163346931439039000e-02 2.346534564985982771e-02
8.979231243857191402e-02 5.381318907153275627e-02
5.564004982009614075e-02 2.624890922267133012e-02
1.354556346280648416e-01 9.970699066887557527e-02
1.909948419979351497e-01 1.669407860053921666e-01
7.315551315809536159e-02 3.957314690496203935e-02
2.194607368050445137e-02 6.502273681854926941e-03
2.066344445910312314e-02 5.940651440606142634e-03
5.448741255716106624e-02 2.543749101993168782e-02
1.025438301994400780e-01 6.567412546557026276e-02
9.661975733987208936e-02 6.006602732124811245e-02
5.083657875034273271e-02 2.292421477126354093e-02
6.998848022397312352e-02 3.703137519234069724e-02
4.412917590603732815e-02 1.854038386058800073e-02
1.088701077386158844e-02 2.271919686150725062e-03
2.092808338335538088e-01 1.914803361205601184e-01
3.343074947262496266e-02 1.222500837075079366e-02
3.634903961751550366e-02 1.386019711990036339e-02
5.220830359469950249e-02 2.385829304028569062e-02
1.088754062665306943e-01 7.184965357858014157e-02
2.957673081465706649e-02 1.017314533078406309e-02
2.170667564753805956e-01 2.022646423717112951e-01
8.875814853600710874e-02 5.288619808281208590e-02
1.368873279481302718e-01 1.012919343479314477e-01
7.398905605615295478e-02 4.025142181230816074e-02
9.146571244878813622e-02 5.532449749685641044e-02
1.103340483596679383e-01 7.329837152005530543e-02
1.441367916166445828e-02 3.460925667510760754e-03
8.549294846380812996e-02 4.999486942783458454e-02
2.148708402982366789e-02 6.299356962814767029e-03
1.492122802402512730e-02 3.645329973280278090e-03
7.871330519995926867e-02 4.416743912207521383e-02
1.330529483297628046e-01 9.706591425975832910e-02
1.417284135102957476e-01 1.067125220667399371e-01
1.196136324591369655e-02 2.616381168953335785e-03
8.982943893261939594e-02 5.384656779003938604e-02
3.675282373154815097e-01 4.456214251218783562e-01
2.972287693210606211e-03 3.240904699736816305e-04
3.217399728904707379e-02 1.154217160592642920e-02
3.550339647565827622e-02 1.337934489487033196e-02
7.028838098684203617e-02 3.726964925212080532e-02
4.944918431445011198e-02 2.199220088394611070e-02
1.986170357247738216e-01 1.770332081395000756e-01
2.407183093827573034e-02 7.469536994805319428e-03
1.883075222077054411e-01 1.634298939758331015e-01
3.794082461827957831e-02 1.478053466365984725e-02
8.059154544179610025e-02 4.575770368897248003e-02
2.109265328695171804e-01 1.937433552493729449e-01
6.100973995483986029e-02 3.013899430819888189e-02
9.739736909112010899e-02 6.079261631544150002e-02
2.581047378859043229e-01 2.622551109882141906e-01
1.290156947637581264e-01 9.268166215650157358e-02
1.464623431337275065e-02 3.545022225566731196e-03
4.934987558910189365e-02 2.192598379986540613e-02
4.425897870724693206e-02 1.862224679650992948e-02
2.236552147689681025e-01 2.115429413901883660e-01
2.271316187112794229e-03 2.164942617372944537e-04
1.550790979699556531e-02 3.862423537597473294e-03
2.196178980858718433e-01 2.058408619056676103e-01
1.542589271284073860e-01 1.211728870445259731e-01
8.495278258355624945e-02 4.952179846943514235e-02
4.106114854124300051e-02 1.664089327372247559e-02
3.323857761635103381e-01 3.832601292120436098e-01
1.504896136089501901e-01 1.167588439587129712e-01
2.655869925392659869e-01 2.737412192626888507e-01
1.803682219962701450e-01 1.532039744286099736e-01
1.590034200437100420e-01 1.268059681869030397e-01
2.079927161884878931e-02 5.999322179260411711e-03
2.149918166819678178e-01 1.993714144160577129e-01
3.428469671197705709e-02 1.269639611837201920e-02
1.463825025008051450e-01 1.120117923945541244e-01
4.225100561666114141e-01 5.492696096415762286e-01
1.207706708657070582e-01 8.394062795132815891e-02
2.869494140873710131e-02 9.721605848829955460e-03
4.497147815011250105e-02 1.907373477436239903e-02
2.448926868035057047e-01 2.423782914310209646e-01
2.304371704208115282e-02 6.996144910088106586e-03
6.481250688076517497e-02 3.300032564010425828e-02
1.918331708129755175e-01 1.680411146490587149e-01
3.898508200801545365e-02 1.539492841648746300e-02
1.743926799945257761e-02 4.605983452088754579e-03
2.200059605296457096e-02 6.526519897266288769e-03
4.498338183103858801e-02 1.908130833051528003e-02
6.795547237051727252e-02 3.542963263192701329e-02
2.375476896195415771e-02 7.322446578392738034e-03
7.489754448527984054e-02 4.099504477218776644e-02
1.957535846447852057e-01 1.732186226922472483e-01
1.029522004520745659e-01 6.606682646173253626e-02
1.120338652959890734e-02 2.371668445800870564e-03
1.753899205194922942e-02 4.645547901794638834e-03
2.991889157396426802e-02 1.035018816989047297e-02
1.029602317064263195e-01 6.607455737714307276e-02
4.176226298890166611e-01 5.397666298700899423e-01
3.787427314602712786e-02 1.474166222740991468e-02
1.085090232451051406e-01 7.148728063632496521e-02
2.364702259353895775e-01 2.299824494405243447e-01
4.972567006530539402e-01 7.012953539886795928e-01
4.438229734279212219e-02 1.870013163657098174e-02
9.782659203863480757e-02 6.119492153037230792e-02
9.314022613242347454e-03 1.797777445953799682e-03
8.339491011808575216e-02 4.816585934226157162e-02
9.294280683071026727e-02 5.667005986496609360e-02
2.932467412261215503e-02 1.004337751798454505e-02
4.506797786939661238e-02 1.913516027677403600e-02
2.653369486491783530e-02 8.644235525426802874e-03
9.523665865748359716e-02 5.878089854679772325e-02
6.811191717071610717e-03 1.124254546953526402e-03
2.357750826989412143e-02 7.240638320695096976e-03
3.960088581758212933e-02 1.576112983314566923e-02
2.085325352571958391e-01 1.904542772389946348e-01
1.365504854230836507e-01 1.009182865476023622e-01
5.746814524581840555e-02 2.755311892797349116e-02
1.523668796135420334e-01 1.189503860784460049e-01
1.511038856395312616e-02 3.714868492638972661e-03
5.863805727668979645e-02 2.839875857665223255e-02
4.753798487459238997e-02 2.072961078080610628e-02
5.091754348610599140e-02 2.297900185127190950e-02
1.134191322062978735e-02 2.415791649789955815e-03
1.238592114899144669e-01 8.718112360777760528e-02
7.367393652911744494e-03 1.264738703596990192e-03
1.746464511307507517e-01 1.459720285091194447e-01
2.689700480565662133e-01 2.789882267495290558e-01
1.600902093342783938e-01 1.281082664579330788e-01
1.660926413428226167e-01 1.353803346039285094e-01
6.161268668675581872e-02 3.058688260861272545e-02
4.407371293598132816e-02 1.850544161780537725e-02
9.108805405953018797e-03 1.738689902649563678e-03
5.851891103574886899e-02 2.831224771342778779e-02
3.364895867163342769e-01 3.903798912641245344e-01
8.136577327081571942e-02 4.641866328179278245e-02
4.616654869606387490e-02 1.983906082968902446e-02
1.095659406058859670e-01 7.253428807695308511e-02
3.785180448543731813e-02 1.472854608358326566e-02
3.626087752765456366e-03 4.367042923865249292e-04
3.465113670977623683e-02 1.290049053909442245e-02
1.459468638772319768e-03 1.115121390296361777e-04
1.188421271276993985e-01 8.193804929685583049e-02
2.070339984303886174e-02 5.957890268905658565e-03
6.961177887744283976e-02 3.673280502612424891e-02
7.750713924018659551e-02 4.315613639030772136e-02
1.244482927485982826e-01 8.780381990541455406e-02
1.002056292170000057e-01 6.344073045661320631e-02
6.882866118265314193e-02 3.611469725963883243e-02
6.055351926065129231e-02 2.980156550567008775e-02
3.052662156144031122e-02 1.066714282049242325e-02
1.559365400650265521e-01 1.231549398363596531e-01
1.279181477434763459e-01 9.150150534409901004e-02
5.984553259022453104e-04 2.928044010060829104e-05
2.452537862384865375e-02 7.681633397323904891e-03
4.331937168193170096e-02 1.803238698254026884e-02
2.830278457184371432e-01 3.011436737874755853e-01
2.973318277741960475e-03 3.242590429434906961e-04
1.477937709765970997e-01 1.136355429105739834e-01
1.130786733486447392e-02 2.404922317824468875e-03
1.219828554021990322e-02 2.694500003336410855e-03
5.414931889353650357e-02 2.520109973658052338e-02
2.296255455957765812e-01 2.200697233392616137e-01
2.410043374349040216e-02 7.482854209797784768e-03
5.214647845427194256e-02 2.381592605716996783e-02
2.302270242855128379e-02 6.986576938223699670e-03
3.299564384982003190e-02 1.198712147863827647e-02
9.004926702926746226e-03 1.709032292597923840e-03
1.486801154416989845e-01 1.146593116290399589e-01
3.187304698290120697e-02 1.138060552412618713e-02
4.726304600922670573e-02 2.055003458349986128e-02
1.325912143240802754e-01 9.656108071912504476e-02
8.344256670605429416e-02 4.820715230147981645e-02
2.861755513244015545e-03 3.061813883035737448e-04
7.354005893859135411e-03 1.261292914604282512e-03
9.179693496187968371e-02 5.562528724066628794e-02
1.867593125345473337e-01 1.614185328282282950e-01
1.518456121992622747e-02 3.742254902117576366e-03
1.193635170430762671e-01 8.247786413855622001e-02
2.615884739307003382e-03 2.675826201816269606e-04
4.013371559025730867e-02 1.608029636631617965e-02
1.120362874199384989e-01 7.500117360873570505e-02
1.499568861335195125e-01 1.161394101998954320e-01
1.028908178917176397e-01 6.600774934034918384e-02
6.881828355577722378e-02 3.610652978872461866e-02
8.532031509021398286e-02 4.984351616382291100e-02
4.805477683415725065e-02 2.106855948699650274e-02
2.728526495624127024e-02 9.014097655731030667e-03
1.120660185066449377e-01 7.503103019862440715e-02
9.413882054604377769e-02 5.776744038547556442e-02
1.182448020397738608e-01 8.132106984051873377e-02
2.951193227230374805e-01 3.206464706318673530e-01
5.559123004718559413e-02 2.621436976806897426e-02
6.490241366754294361e-02 3.306901566782889657e-02
2.377626410984268746e-01 2.318704581440976797e-01
1.075177373378887052e-01 7.050991158131605929e-02
9.766676275052749157e-02 6.104501221885778178e-02
2.452195938411928094e-02 7.680027034929348337e-03
1.251691025940446789e-01 8.856776868170929129e-02
1.908568126705821946e-02 5.273409483120798311e-03
1.946657699235762595e-02 5.432057811509534602e-03
1.902047250105792786e-02 5.246406624444702009e-03
6.489640540642184485e-02 3.306442378892460870e-02
2.779112500912598455e-02 9.265933676537805447e-03
1.050160250531998046e-01 6.806335605981922443e-02
8.258768128858695601e-02 4.746821550332392531e-02
4.932800632028616628e-02 2.191141075075695582e-02
3.993542346308018819e-03 5.047396666361258924e-04
3.106463980391065416e-01 3.462816507241144315e-01
1.502734304052302620e-02 3.684285665732108580e-03
1.027729760368225470e-01 6.589438283939046126e-02
7.384866521126123851e-02 4.013691333010828421e-02
8.374670097006117753e-02 4.847095288120205347e-02
5.514845622094516342e-02 2.590180533886506792e-02
2.323221239160236026e-02 7.082161886319683457e-03
4.334481603339729143e-03 5.707366236355380321e-04
7.512986140495253595e-02 4.118593001475462367e-02
2.865678697799572960e-02 9.702222693212358973e-03
7.000130539539231589e-02 3.704155448520600469e-02
2.062347509518301430e-04 5.923423248042317298e-06
5.399059125811866977e-02 2.509037318703297853e-02
4.987070527252741858e-02 2.227400233020569026e-02
8.609757299305047240e-02 5.052616774642230968e-02
9.041346392544186150e-02 5.437254458726971384e-02
5.053344000144698728e-02 2.271947495351680363e-02
3.960644239191795507e-02 1.576444721960423151e-02
3.216062804573762146e-01 3.647680382509460029e-01
2.550931758502410392e-03 2.576785433156985922e-04
8.905310394822980868e-02 5.315003902987720102e-02
1.078484712485053704e-01 7.083550357836988776e-02
1.873785294149403133e-02 5.129909871405201674e-03
2.780310178280564603e-03 2.932039859749284568e-04
2.947071215892065887e-01 3.199749218742016232e-01
2.856587970078098282e-01 3.053524437652020418e-01
2.094058121280735138e-02 6.060564713646316576e-03
6.545657418095070235e-02 3.349345145652353473e-02
5.590091557994744664e-02 2.643372559293965043e-02
2.448293091384398934e-01 2.422842071009048137e-01
1.998096234016420725e-02 5.648779176865282442e-03
9.901431272703827002e-02 6.231275625288043574e-02
9.643842544031777653e-02 5.989701259008783224e-02
6.365803407938997426e-03 1.015803790877860182e-03
1.450433111975642508e-01 1.104781909675685986e-01
9.078870848573242225e-02 5.471139052586847240e-02
6.958137665314739762e-02 3.670874364484721236e-02
5.636454049704062164e-02 2.676325622355333125e-02
2.171393210161082221e-01 2.023660752282533115e-01
1.821739905610618090e-02 4.917671938713917557e-03
1.414979822994819753e-02 3.366319759033945067e-03
1.238415590303322544e-01 8.716248664399015023e-02
3.040334921627556586e-01 3.352834660891611529e-01
9.042288510043572369e-02 5.438104332041088229e-02
1.360437131765691865e-01 1.003570094502313631e-01
5.499859418168787095e-02 2.579629760449420051e-02
2.330236721185023271e-02 7.114265330625629997e-03
4.229618584054624097e-01 5.501508699764269261e-01
6.221756036311596599e-02 3.103840976933510201e-02
7.041749704934804899e-02 3.737238997933301637e-02
8.601074463864988306e-02 5.044975448221714065e-02
1.377129511338333334e-01 1.022097140766088791e-01
1.650618679559452129e-01 1.341220333908250961e-01
6.591517254980697182e-02 3.384605731947835233e-02
5.798210663621009703e-02 2.792357254198772620e-02
3.647523129668562292e-01 4.405823321325613162e-01
7.759140614634735256e-02 4.322653549939606266e-02
7.678128249661687887e-02 4.255132015491183695e-02
4.072824786274176906e-02 1.643893151730818625e-02
5.509235563833356220e-02 2.586229190026894526e-02
1.599153562827954414e-02 4.044503826627196888e-03
1.814439559642410937e-01 1.545766015301354157e-01
1.037789495567790210e-01 6.686423826728986330e-02
1.003042009160654696e-02 2.009132964331996479e-03
4.645178781873141732e-02 2.002320741308973029e-02
8.654817024814429050e-02 5.092333424928296992e-02
8.275632354577255878e-02 4.761368330330181808e-02
2.092420077690008151e-01 1.914270530539788351e-01
6.836007872176266820e-02 3.574652479214292244e-02
3.300774140391823930e-02 1.199371453721805904e-02
7.626265544745018665e-02 4.212092311196560107e-02
4.645088130402674070e-02 2.002262128139544600e-02
4.461032891428517999e-03 5.959133758027930711e-04
3.028180054400524557e-03 3.332748468530161460e-04
1.639167648692202994e-01 1.327287660126438285e-01
2.114941921266042663e-02 6.151452348403019070e-03
8.534642278659348991e-02 4.986639580734431032e-02
1.147088261850516544e-01 7.770075685760846618e-02
1.019119489300618631e-01 6.506802968394394260e-02
2.158814542591248886e-02 6.343851352129655473e-03
8.554566827792946249e-02 5.004112107599887477e-02
2.615560661657641284e-02 8.460133009090752346e-03
5.765146935426743863e-02 2.768506621226017247e-02
1.274943916978126812e-01 9.104720483668499176e-02
1.074102642960462345e-01 7.040421710440641911e-02
2.061517271179009736e-01 1.872019904431550530e-01
1.575575342995979775e-02 3.955384972371762259e-03
1.050152383282255616e-02 2.152328117044139365e-03
4.209476000339076873e-02 1.727317020127758923e-02
4.830142844559746906e-02 2.123097590927131711e-02
2.068776148308449497e-02 5.951141084950355847e-03
1.397908163286101790e-01 1.045316864734971707e-01
2.780485410155379422e-01 2.932317056305123182e-01
2.158320407007758013e-01 2.005413209127672458e-01
1.166961442783776975e-01 7.972871342894732871e-02
1.206426849840990245e-01 8.380723006056721436e-02
7.227582105009735039e-03 1.228908495602798944e-03
4.698807171575337255e-02 2.037095690640373241e-02
6.682624959052034519e-02 3.455020497886022307e-02
2.155934435978756059e-01 2.002088724607635206e-01
2.296468069007914434e-02 6.960182263532608583e-03
4.573310973529471912e-01 6.185518293109977250e-01
8.273340345064354728e-02 4.759390412743016996e-02
1.814838589460050083e-02 4.889753919758520369e-03
1.225163905492333057e-03 8.576721065236093207e-05
5.281938502190487439e-01 7.677503202189933651e-01
3.893089626743129195e-02 1.536284323312858344e-02
6.463295760613095575e-02 3.286329007466536750e-02
1.063513010780024965e-03 6.936560949780544070e-05
3.551853409410064225e-03 4.233626547853945685e-04
4.301725044724216684e-02 1.784407202670271891e-02
1.166265983409766477e-01 7.965745166685608836e-02
3.363102664586021390e-03 3.900678740506398801e-04
1.080219203107721238e-01 7.100645579683804998e-02
3.790128430124851955e-02 1.475743521578345638e-02
8.763418378463343206e-02 5.188482003852117747e-02
7.988041746709480251e-02 4.515340278003040358e-02
3.972967224754208465e-02 1.583807769707995527e-02
4.613268055815956253e-02 1.981723370089111605e-02
1.309116677937838258e-01 9.473217951153800609e-02
7.844198425723722390e-02 4.393927149711649577e-02
2.872099940345524544e-02 9.734851200321281359e-03
8.924379666374884779e-02 5.332084861441346857e-02
8.224562473908882121e-02 4.717361968761248081e-02
2.811657267157599560e-01 2.981766053830941510e-01
5.280169366682441190e-02 2.426620015336028793e-02
6.247277671451039599e-02 3.122958475936604347e-02
6.398455157094186385e-02 3.236999941437176953e-02
1.661144450467386124e-01 1.354069934273968712e-01
9.183455767625115472e-04 5.565948754445614521e-05
2.987600816673313675e-02 1.032794341612243254e-02
5.839459852409779883e-03 8.924605155154112599e-04
1.146235292262528793e-01 7.761410607945674889e-02
1.101217726033065641e-01 7.308694112446692537e-02
2.234731224872398350e-02 6.681407211849888644e-03
2.440639495467508691e-02 7.625800651591726174e-03
6.942939069707011746e-02 3.658853549430433200e-02
2.253930645187762413e-02 6.767695626083000335e-03
9.404979876730043542e-02 5.768551863973328531e-02
5.614016186158352767e-02 2.660360471557767295e-02
8.850534625253758669e-02 5.266041215744885623e-02
9.811964151115154520e-02 6.147010074091852072e-02
3.655356323153347714e-02 1.397734140056262030e-02
1.449418383378303921e-01 1.103622747948001526e-01
1.312826132289851913e-02 3.008436263870949146e-03
8.928871841307367552e-02 5.336111304644755582e-02
3.314961724349339139e-02 1.207112571889767429e-02
1.414115597901131373e-02 3.363236166926283910e-03
3.974074863120418549e-02 1.584470149391681987e-02
6.982558240461242405e-02 3.690216495308914352e-02
3.616223330471825953e-02 1.375348826739527380e-02
1.459084973588393452e-01 1.114681704450940364e-01
5.678877782794209371e-03 8.559014831092093788e-04
7.635344958796544401e-03 1.334359924282628538e-03
1.410220136188335971e-01 1.059157054126405179e-01
5.705522932164014405e-02 2.725669400085226415e-02
3.110636591486254376e-02 1.097245757536043434e-02
1.997731383989193588e-01 1.785811577508248649e-01
2.104264861392644015e-01 1.930547982803579588e-01
1.951354869612575982e-01 1.723988563334665491e-01
1.481690740850255539e-01 1.140686616615253085e-01
1.188145379716498279e-01 8.190951812093515139e-02
1.065203938990771787e-01 6.953110659258945891e-02
2.628220535637323940e-02 8.521630559194132495e-03
3.002690913213132973e-01 3.290757958000850580e-01
1.477436862590658095e-01 1.135777841651537112e-01
5.312261971293741336e-02 2.448776909594093179e-02
4.280161565052408718e-02 1.771006845553548675e-02
6.896159147578161119e-02 3.621937141151831963e-02
2.357058278315022903e-01 2.288682118917926278e-01
7.954329847191353442e-02 4.486786349770682109e-02
6.068676196491260000e-02 2.989998318970774407e-02
2.200104691709631188e-01 2.063930250368294639e-01
8.474397789770306277e-02 4.933933192563322301e-02
1.695002292160839030e-01 1.395678635120979338e-01
1.332109980000979466e-01 9.723891821296910820e-02
8.312877170762625334e-02 4.793547563017780400e-02
1.698093682773855750e-01 1.399498589688900896e-01
2.586172859344491592e-01 2.630366835594130093e-01
1.322001059235266840e-01 9.613415213398480985e-02
4.907611357153672527e-02 2.174378974404088741e-02
1.786271329849705228e-02 4.774755495764423756e-03
4.547798634983853117e-02 1.939687808484655274e-02
1.857839278071330702e-01 1.601556285693681858e-01
2.817046728039642178e-01 2.990343455925199012e-01
9.681527082041742338e-02 6.024843810361135005e-02
2.053282868525185823e-02 5.884413337028554167e-03
1.027891766112125210e-01 6.590996430293641350e-02
1.072362857760665242e-02 2.220969736383942260e-03
2.449829378340860273e-02 7.668911981354184157e-03
3.196315048604509573e-02 1.142889821465117861e-02
1.938171239920505606e-01 1.706546840115859276e-01
9.929415556845422319e-02 6.257711339775415271e-02
8.940749367134966097e-04 5.346762292897136009e-05
3.958008911128210738e-02 1.574871584756515341e-02
7.495342661940191352e-03 1.297828281621781453e-03
7.099554257039386584e-02 3.783350866752944325e-02
5.442957201060110578e-02 2.539699741471501335e-02
6.934068300037171673e-02 3.651843590688656771e-02
1.860246873380056454e-01 1.604670506930722662e-01
6.417276895610353471e-02 3.251293411054383825e-02
8.503579321466622027e-04 4.959440067862791061e-05
1.063300632075670216e-01 6.934483254073363356e-02
5.098223994793017744e-02 2.302281186712631586e-02
1.071672722021126262e-01 7.016544119672869784e-02
7.212787203056955643e-02 3.874223533982652096e-02
1.149844431531600875e-01 7.798096859088640698e-02
4.516236525489256831e-02 1.919530485697812372e-02
8.443114930773050475e-02 4.906638331497874261e-02
6.666049343662749926e-01 1.088510898767594881e+00
1.316818674141067951e-02 3.022170491402517006e-03
1.397933174466028244e-02 3.305670884075398528e-03
1.838122117824407264e-01 1.576128190935443818e-01
1.635349741514489086e-01 1.322653134922124329e-01
2.685387409403890493e-02 8.801170171898856781e-03
8.817279552253132202e-02 5.236389112081244607e-02
1.125159461431173014e-02 2.386992807651388149e-03
3.136235391290232988e-01 3.512715464788354613e-01
3.855600558274685508e-02 1.514147024313955078e-02
8.094840304974593170e-03 1.456607104220472267e-03
1.268762647314777663e-02 2.858252370198495918e-03
6.113307703733800169e-02 3.023043381512354258e-02
3.071747516174841430e-02 1.076733609144640662e-02
8.358224495308782739e-03 1.528273361828985091e-03
7.085853902482829036e-02 3.772404778010281928e-02
5.271609949489533542e-02 2.420721899609586461e-02
1.588021650437542939e-02 4.002345944476068569e-03
9.688558580790389285e-02 6.031408586619518841e-02
3.674081915356590053e-03 4.454031129044125760e-04
2.648541687337512343e-02 8.620654012765960328e-03
1.762452846302101084e-01 1.479811013846823453e-01
1.132180113936352879e-02 2.409368784671962662e-03
1.771323811268216489e-02 4.714948319095575539e-03
5.658907036926974499e-02 2.692333375338181248e-02
3.450483126367553249e-02 1.281887337494008045e-02
2.122871890791213356e-01 1.956210904512646065e-01
3.850241021945319253e-02 1.510990976999203837e-02
1.159659986631394468e-01 7.898161396968134129e-02
5.118805704340458063e-02 2.316236833093706163e-02
2.658824085474200682e-01 2.741980753430776074e-01
7.853315192740631390e-02 4.401589509514751419e-02
4.663677774656924818e-02 2.014293726283382727e-02
1.619666151597843468e-02 4.122572054624658658e-03
1.038886212711569723e-01 6.697025763886085836e-02
6.395815085479915341e-02 3.234996716473527434e-02
4.910983607689625892e-03 6.883078496998825931e-04
4.653489088617764058e-02 2.007696424483068620e-02
2.880702393512261927e-02 9.778620365101053577e-03
4.379118030777526260e-02 1.832778459819593697e-02
5.430619606856051940e-02 2.531069500371296160e-02
2.086466847797178448e-01 1.906106790179919186e-01
4.117903292412739003e-02 1.671260736902451666e-02
8.077477737680111014e-02 4.591384357310971526e-02
2.877700600477385920e-02 9.763339848920379524e-03
1.431748180136295789e-01 1.083502593783468720e-01
1.178779215778635869e-01 8.094288885487430085e-02
1.832414534928793193e-02 4.960958427050191771e-03
7.816981287200708284e-02 4.371078480910439712e-02
8.284108783254623409e-02 4.768685547353174181e-02
3.058924578807762501e-02 1.069998451850871432e-02
6.455472190448108272e-02 3.280363851809234288e-02
1.827742790408114909e-02 4.941998564312241431e-03
7.256172308077223077e-02 3.909231380633503700e-02
1.118842843895421491e-01 7.484859083970112070e-02
1.396011965394972076e-02 3.298858646052664056e-03
5.006430968508989582e-02 2.240383389194640015e-02
1.334803173996792873e-02 3.084294516078049230e-03
7.889558719604571752e-03 1.401551514165957869e-03
4.037781740692884813e-02 1.622722490191551986e-02
5.738321506051526424e-03 8.693753285394037206e-04
1.074187694220614386e-01 7.041257955369312205e-02
3.738098733173411681e-02 1.445460232199653923e-02
8.539372649355300715e-02 4.990785962247427932e-02
3.901604254215403078e-02 1.541327119536500985e-02
7.207769563364674337e-02 3.870181529962510303e-02
1.463684061989576901e-01 1.119956130630481855e-01
4.858301333878112804e-01 6.772619363944910598e-01
1.035016606417913376e-01 6.659643364284210942e-02
1.045095484601702429e-01 6.757156112744938659e-02
2.609780432458858740e-02 8.432103943698025794e-03
2.505845207862129886e-02 7.933436606045857903e-03
6.140707144516880517e-02 3.043389757540906210e-02
4.133033362487560647e-02 1.680480054195361561e-02
1.414256831612664168e-02 3.363740030458283077e-03
3.838356650856714070e-02 1.504000513285163286e-02
9.990605817840019290e-03 1.997182407335611112e-03
1.506665279783662298e-02 3.698751600984749935e-03
4.475240522044916791e-02 1.893453167780907720e-02
1.514381360769711249e-01 1.178644622525145957e-01
2.579475148521718358e-02 8.285658276285827115e-03
1.853107267694780735e-01 1.595441316618283478e-01
8.119402910082154645e-02 4.627177240556442500e-02
1.694474889799800765e-01 1.395027284722129834e-01
2.231558646476590815e-02 6.667184183902914209e-03
6.080516304937636646e-02 2.998752905238634414e-02
3.792654324006874411e-01 4.671376672960931842e-01
2.762279793922238491e-02 9.181877525074440272e-03
4.810799617815918368e-03 6.673534306202137277e-04
7.805172131964546733e-02 4.361177105492215766e-02
2.727367905110547261e-02 9.008356898225950565e-03
3.442151569397910310e-02 1.277247262180827847e-02
7.545969822728966492e-02 4.145745058652847148e-02
8.717030197202246811e-02 5.147339590657444564e-02
9.066024842669283962e-03 1.726455357251196077e-03
7.366946085806910793e-02 3.999090505215099900e-02
7.976784628033797842e-02 4.505798801342004306e-02
3.933696192890082100e-02 1.560383031339634442e-02
1.786441449016813385e-02 4.775437612266484472e-03
1.386900102191499229e-01 1.032993921299156098e-01
5.421363484508925912e-02 2.524601204391080725e-02
6.741247315486202651e-02 3.500583054904295166e-02
1.279358566266469190e-02 2.894132550225037622e-03
2.445547897988134892e-02 7.648816737427001529e-03
2.656041253101456001e-01 2.737677078786049933e-01
3.977076565118389251e-01 5.016212471025872643e-01
1.472185542390418711e-01 1.129727806310909938e-01
1.923036832113123040e-01 1.686597294251837575e-01
2.100814815572388528e-01 1.925802086745936059e-01
2.095277477886957895e-01 1.918193048791172195e-01
1.126850209047404287e-02 2.392375135599567135e-03
3.753041003486476401e-02 1.454135776320186930e-02
2.666854106670749069e-02 8.710215144099869508e-03
7.753485895150852292e-02 4.317929004957882233e-02
1.677684064784098206e-01 1.374343411704676832e-01
2.758626704054620293e-02 9.163669124412380726e-03
8.426606111402197563e-02 4.892254446374678239e-02
1.253572877155010035e-01 8.876757916526430148e-02
1.474523229740342528e-02 3.581025585415074756e-03
4.841224133968274196e-02 2.130407979502270399e-02
1.155994343241335820e-01 7.860742301132211951e-02
5.850477793255518671e-02 2.830199165045430357e-02
2.075071066748850335e-01 1.890512085838244039e-01
7.794687151553982007e-02 4.352392258280321502e-02
1.961919202912419946e-01 1.738007605832870839e-01
9.749199621723443621e-03 1.925233633466285873e-03
2.366522882932662331e-01 2.302481015229729533e-01
2.236073675598430205e-02 6.687428611715076632e-03
1.351939739483397351e-01 9.941822310643928795e-02
9.381847310602955958e-02 5.747282389375650558e-02
7.256883237377173557e-02 3.909805909823881737e-02
4.325265085309455693e-02 1.799074259678569432e-02
