# x y
2.103598265424982960e-01 1.929630707415255497e-01
4.692756431696323838e-01 6.429423245216432381e-01
3.659656360053493707e-01 4.427825087185262021e-01
9.462041895818927850e-01 1.840802924710788879e+00
7.798308769785179673e-02 4.355425965787636938e-02
2.596977904565332951e-01 2.646868573606051545e-01
1.258546922674155466e+00 2.823801169674545974e+00
2.224729845640177894e-01 2.098678518817167493e-01
2.941437313407853082e+00 1.008949412219613251e+01
7.757753899148756016e-02 4.321494783186428934e-02
1.645586351847126094e+00 4.221929828961084041e+00
3.358945707387262503e-01 3.893448835027248922e-01
4.716383052581926139e-01 6.478039635386485529e-01
3.354823795568122047e-01 3.886284297527481946e-01
7.366389666815512625e-03 1.264480185414096087e-03
1.200492488824686621e+00 2.630686925504416518e+00
1.116847389320064554e+00 2.360590992985771575e+00
1.372408962553613554e+00 3.215550348026593674e+00
6.629858271010931337e-02 3.414179593978799304e-02
2.091144006144233902e+00 6.047918189617305096e+00
2.387900124409833236e+00 7.379963823385180532e+00
5.224037541643743454e-01 7.551607855292356009e-01
3.567494835879193582e-01 4.261622977223229469e-01
1.615221490408789984e-01 1.298309162435709041e-01
2.728187700350798717e-01 2.849977068634965693e-01
3.269459792512292129e+00 1.182344394983139146e+01
2.976137263623050977e+00 1.026855732833906742e+01
4.083351248855305649e+00 1.650270380153598282e+01
2.404233724348283641e-01 2.357735174989996629e-01
1.705498212315881279e-02 4.454581390756591139e-03
8.380990000509517257e-01 1.534521506158908588e+00
1.025990646690060570e+00 2.078476401843037280e+00
8.273450666859258895e-01 1.505081501841808223e+00
1.995820155103841920e+00 5.639129938151713262e+00
4.604853114298225747e-01 6.249620815296531573e-01
2.721054061539240898e-01 2.838806240234089118e-01
1.286755572191022878e+00 2.919268775377889202e+00
1.069920953352992109e-02 2.213387917684835927e-03
1.774979999477571235e+00 4.729554031699890082e+00
5.203286279486548510e-02 2.373813400431568077e-02
1.061672533258489093e+00 2.187841562284670971e+00
1.075793793888704553e+00 2.231636970287737665e+00
1.374957358264681240e+00 3.224510830441089659e+00
7.497466171108646549e-01 1.298379853224495006e+00
1.588770696526832449e+00 4.005178048563073467e+00
1.085644948751131711e+00 2.262360031997663778e+00
1.197937810464574149e+00 2.622294142074597989e+00
3.288393599904785303e-01 3.771426836611719291e-01
2.638892031262119464e-01 2.711205445881479381e-01
2.468077483693181806e-03 2.452269409470041509e-04
6.554027097815202652e+00 3.355771216466135343e+01
4.533256051666663566e+00 1.930391384625472639e+01
7.510072334722759368e-01 1.301655853403157703e+00
5.426092800286421575e-02 2.527905421082059581e-02
8.944793530037478679e-02 5.350390448967791424e-02
2.066035792574865554e-02 5.939320442709049644e-03
1.224184462867110579e+00 2.708945641738094601e+00
4.865373253037526879e+00 2.146368275660242730e+01
5.639356119980493132e-01 8.469821871015852377e-01
7.924738151836251410e-01 1.410936204287584594e+00
9.858689003978607923e-01 1.957756821784361945e+00
2.244015112597118611e-01 2.126026442508941183e-01
7.440762846910846384e-02 4.059347119710433882e-02
2.899278679312958129e+00 9.873359226794367061e+00
1.938209597087058866e-01 1.706597500210196572e-01
3.671161594559044783e-01 4.448721796662516992e-01
1.796343255444964981e+00 4.815196196062575318e+00
5.351195189857204104e-01 7.828998043015604757e-01
9.563558683570372310e-01 1.870506778350102817e+00
9.605406967661338224e-02 5.953928990351499417e-02
1.365878429436028219e-01 1.009597032601501493e-01
1.326123791959743281e+00 3.054260642615810095e+00
1.980808768879898318e+00 5.575628387357056681e+00
4.333242763351849436e-01 5.704919574123746839e-01
1.944798655139292176e+00 5.424278305402943978e+00
6.883290180088481591e-01 1.142152549479517720e+00
7.749486915593795100e-01 1.364392802273765692e+00
2.916388575196691146e-01 3.149909512789101917e-01
2.622673826989935578e-03 2.686249941236469227e-04
1.149208277872876049e+00 2.463928574051538423e+00
5.646686108700799817e-02 2.683616574858648310e-02
5.839162282846217522e-01 8.923922988371042475e-01
3.549961022743588490e+00 1.337720469807618962e+01
9.022881839813210458e-01 1.714146359768697225e+00
2.150016452713562121e+00 6.305110041783978048e+00
1.679359749851682404e-01 1.376402984547735742e-01
3.198348550559654280e-01 3.617584478661254321e-01
1.411896401970175186e-01 1.061046074326813110e-01
7.120172076399442496e-01 1.201616076060823213e+00
2.524418122257592878e-01 2.536716475029490714e-01
9.186463762677868905e-01 1.760972382837639794e+00
1.542531951175048377e+00 3.831609562698478300e+00
1.456112643548697072e+00 3.514167476240852572e+00
2.318940023441048215e+00 7.062594470936720548e+00
1.140316498392088151e+00 2.435387695253789619e+00
4.534791890161591343e-01 6.107536028970610431e-01
5.596473642750190436e-01 8.373397140405334227e-01
7.666387238864411646e-01 1.342505655838585721e+00
7.208200185765208934e-01 1.223968538633925851e+00
3.338865845463569459e-01 3.858588361786863263e-01
8.443020425763350101e-01 1.551589227112858627e+00
2.256223934714676638e+00 6.778027065977375365e+00
3.257019344740524902e-01 3.717581537856171625e-01
1.212236044979537075e+00 2.669382356404021550e+00
1.250384965499603540e+00 2.796376284823326674e+00
1.167967773899425854e+00 2.524505293937374439e+00
8.311267620691317748e-02 4.792155431055120096e-02
3.161068633349052859e-01 3.554519357813398783e-01
2.454992842545355547e+00 7.693170207633018620e+00
1.018873170297924569e+00 2.056885823883609632e+00
1.887764354495913510e+00 5.187423052036108650e+00
3.185773418630901688e-01 3.596270264530802008e-01
1.018307443676412127e+00 2.055172941121609753e+00
6.982903796568616650e-02 3.690490433437336459e-02
1.483843515960617809e-01 1.143173505513406241e-01
4.885295936297062713e-02 2.159565154301330142e-02
1.893776431440556962e+00 5.212223820381070460e+00
4.289628455699939780e-01 5.619006209686256970e-01
5.024062483830387116e-01 7.122173411717908076e-01
9.013322459609897364e-02 5.411994649753055359e-02
2.375158067668979925e-02 7.320972436599077447e-03
2.781555882175119176e+00 9.278156203123403500e+00
5.868390840951089871e-01 8.991011260091804624e-01
1.320685331852503808e+00 3.035491543004590120e+00
2.738102198577895496e+00 9.061591426865362564e+00
8.372409734536125914e-01 1.532165597339306240e+00
2.094223216829179002e+00 6.061281450182518071e+00
5.929396709881318284e-02 2.887658009976438664e-02
6.530923421596704914e-01 1.055581773789629363e+00
1.038555291214204868e+00 2.116773694024870700e+00
1.885762634615351541e+00 5.179174394283439398e+00
5.603952621105662973e-02 2.653210320538965453e-02
1.880654913943393680e+00 5.158146412373620926e+00
7.052197866383415337e-02 3.745559747433881842e-02
2.384603836068322491e-01 2.328918834063966048e-01
8.409043688503634040e-02 4.876968032650291079e-02
2.922004938240057026e-01 3.159013006465090645e-01
3.356440598217150129e+00 1.229839517900763113e+01
1.240316783712976711e+00 2.762669457790529304e+00
3.223745092209526764e-01 3.660758139136571221e-01
9.145417826059359934e-01 1.749183304378915338e+00
7.126998764021492683e-01 1.203344620699619005e+00
2.248780375919553265e+00 6.744512435446643472e+00
2.573897294696489091e+00 8.258797464736145955e+00
1.761548740063499263e+00 4.675972968254897388e+00
1.146166552662459370e+00 2.454152758247430288e+00
2.559429876576435059e-01 2.589672520881463047e-01
3.349887323339151290e-01 3.877709715082579556e-01
4.031320238787238774e-01 5.119186406994705729e-01
1.600464813776795170e-01 1.280557817039914281e-01
1.643634241104002358e+00 4.214419530395762337e+00
8.974674006548567506e-01 1.700427105532672067e+00
3.968431112004995875e-01 4.999864840218166129e-01
9.002358034607867987e-01 1.708301088861864603e+00
2.756472119228526196e+00 9.152935497380877194e+00
1.125682211015144096e+00 2.388656497724771732e+00
2.499009309682080904e-01 2.498514111752941913e-01
1.928582974234231973e+00 5.356578678757566436e+00
3.174263346765796356e+00 1.131082875272903188e+01
2.635264166057631474e+00 8.555910452964107904e+00
1.013043175080196923e+00 2.039256842530292158e+00
2.860366420857750613e-01 3.059584852896261031e-01
1.277773201347291776e+00 2.888754658580845014e+00
1.845221414646442959e+00 5.013057948732185132e+00
6.028236795707938578e-01 9.360853554019473721e-01
7.789625140744445009e-01 1.375006761138630962e+00
6.461272046241717248e-01 1.038740431360386962e+00
4.066147724667906749e-01 5.185668191182095654e-01
1.079243526464489289e+00 2.242379808568394584e+00
3.524447781730222218e-01 4.184722039907068369e-01
1.071060026169656787e+00 2.216923525979293874e+00
3.736174838717655766e-01 4.567418248228561906e-01
2.456619471626983131e+00 7.700817484733662788e+00
8.416725260392240449e-01 1.544346408165869766e+00
4.187815968052424509e+00 1.714002213517844098e+01
9.002662013493339943e-01 1.708387614832504120e+00
6.400488988835591198e-02 3.238543447534079217e-02
9.891588750097083382e-01 1.967564932443112369e+00
9.157622733313119934e-01 1.752685999628894153e+00
4.331671568667709415e+00 1.803072860668195787e+01
7.163188724122058204e-01 1.212521884348966017e+00
1.487745814809456668e+00 3.629301945310983157e+00
1.188156937272880631e+00 2.590244187112934693e+00
1.888196615249783106e+00 5.189204880168355238e+00
1.465345725010433302e-02 3.547644943530110350e-03
1.558336468288055388e+00 3.890647161701807022e+00
2.053956957754682899e-01 1.861731312575853337e-01
2.483086217266119999e-01 2.474672285815592565e-01
8.634274285873454469e-01 1.604607275018608448e+00
1.505340880958185190e+00 3.693875721438810267e+00
1.571676275015348123e+00 3.940711504378564989e+00
5.988055698177361386e-01 9.267417799869253070e-01
1.385743846704114324e+00 3.262529399369746397e+00
4.913297597018030372e-01 6.887943890829588689e-01
1.172070700116979891e+00 2.537819381456093648e+00
9.511837929038265971e-01 1.855353459412096839e+00
1.213611502986038593e+00 2.673926848358124886e+00
1.022181007674741737e-01 6.536145430818104951e-02
3.760499431166764439e-01 4.612095449485039689e-01
1.197451260523718364e-01 8.287370668114635297e-02
3.069021904912679344e-01 3.400399768546605306e-01
3.588272753373774604e-01 4.298908156456891505e-01
6.600811502882513171e-01 1.072570855908834497e+00
7.262367736627136638e-01 1.237791082955356670e+00
5.365783180346357373e-01 7.861034012547415406e-01
8.744137787015017205e-01 1.635330302842831873e+00
2.114928170777445438e+00 6.151392357154296775e+00
5.979341656201589417e-02 2.924220045499323697e-02
2.521510771197676082e+00 8.007947867676776355e+00
2.179661085023808731e+00 6.435961706712959973e+00
1.105316544731687278e+00 2.324127779868932819e+00
8.850450823627965535e-01 1.665244797976524804e+00
7.354245079118905126e-01 1.261354449459730853e+00
6.477232628878011322e-01 1.042591639705423123e+00
1.240758061453077099e+00 2.764143935493258208e+00
6.998869271129035674e-01 1.171040237915035753e+00
5.041327804370336896e-01 7.158918234659649160e-01
2.393649931036439804e-01 2.342183671752454677e-01
6.461585922517443237e-01 1.038816122323844349e+00
1.175895429273482451e-01 8.064604040279814423e-02
2.146444683602078740e+00 6.289404784137651916e+00
7.408583996370717628e+00 4.033042600137783040e+01
3.449615189337403187e+00 1.281403697603975900e+01
3.686038903814417456e+00 1.415369613690564776e+01
6.592974317614175295e-01 1.070661217773854812e+00
1.075487879204455766e+00 2.230685149425894576e+00
2.080393888952779324e+00 6.001341627230933895e+00
5.081460889212910947e-01 7.244574394743606982e-01
6.936049262387908865e-01 1.155309246332871354e+00
1.106298919991880680e+00 2.327226900485695360e+00
5.899730100629674290e-01 9.063130048677566775e-01
7.438197289535433132e-01 1.283014414551890470e+00
3.344730961433690197e+00 1.223409310306214337e+01
6.743067776857328832e-01 1.107429996964750085e+00
2.533309915181953809e-01 2.550130937584477175e-01
1.285441721035346152e+00 2.914798805896430700e+00
5.928477299705433440e-02 2.886986397154556877e-02
7.296081592920417025e-01 1.246420315063488937e+00
1.212643313232665415e-01 8.445582529042111597e-02
1.242211305302428404e+00 2.769001632525833312e+00
1.742640815378027730e+00 4.600889661846257361e+00
5.948137324944066107e-01 9.174902873908824530e-01
2.486711287211546217e+00 7.842744089340413893e+00
1.222861442449177716e+00 2.704555345186868465e+00
2.067065057329303401e-01 1.879581725748278309e-01
4.400743342383221790e-02 1.846371366976779296e-02
1.376718496856240481e+00 3.230708071931797321e+00
3.116232968917543866e-01 3.479163773537176096e-01
1.265123964881736257e-02 2.845965423844363466e-03
5.588874215785589739e-01 8.356347632777711976e-01
8.520831257652979884e-01 1.573087727545872339e+00
5.023583224541106063e-01 7.121154330135681665e-01
2.792370834768894028e+00 9.332320291262416134e+00
1.862597173650988314e+00 5.084033517687645443e+00
9.581699633469565880e-01 1.875831499630141730e+00
1.608360169894594016e-01 1.290045297316084194e-01
5.397642606168169266e-01 7.931150363039215501e-01
3.468712531038130042e-01 4.085850383857272394e-01
1.097774509592241321e+00 2.300380666813509833e+00
4.108404856527538840e-01 5.266715348308065314e-01
2.912948814896123007e-01 3.144338373375431539e-01
2.129528343492432529e-01 1.965418921877576663e-01
1.262860200275888189e+00 2.838330148866412550e+00
1.212313346948407311e+00 2.669637692568437970e+00
8.665804830513735846e-01 1.613404824414500283e+00
2.488389715601342367e+00 7.850685726164948086e+00
1.536604456099881277e+00 3.809545176216539097e+00
1.540881703599062125e-01 1.209717444206829251e-01
3.987854193001145187e-01 5.036616710444810074e-01
2.070573629562340034e+00 5.958898851140099318e+00
3.411634348406945016e-01 3.985416486632072375e-01
9.254262252893959984e-01 1.780502958431512850e+00
2.204805353824429159e-01 2.070548357503458614e-01
6.190616871235600227e-01 9.741613303073166641e-01
1.368817727449738841e+00 3.202937227687583377e+00
1.635278342931574883e-02 4.182322548481967779e-03
1.691962331429558652e+00 4.401655313728982222e+00
1.109718621958235341e+00 2.338025839010376306e+00
1.346454596519758296e+00 3.124766468038278511e+00
5.224158814290200126e-02 2.388111237183691143e-02
1.521762356011900463e+00 3.754483938099356877e+00
5.003291878303511853e-01 7.078052089533594105e-01
3.484620420761692094e-01 4.113989810660310109e-01
3.129046089141699488e-02 1.107000802812015648e-02
9.262520580732126751e-02 5.637983163354082922e-02
7.457134955891907557e-01 1.287917368181913158e+00
1.459962429415677387e-01 1.115687366570027039e-01
4.314470588291031694e-01 5.667888065085742166e-01
3.255274960373472776e-02 1.174658192826814884e-02
3.191107109269443465e-02 1.140097695728389121e-02
2.099407095215482855e+00 6.083800813363217763e+00
1.502518300836025167e-01 1.164822232770268140e-01
1.680683284090819685e+00 4.357714931673997150e+00
4.156426372315305540e-01 5.359325480705577904e-01
3.374729263425375159e+00 1.239904972822342799e+01
2.008350560745975066e+00 5.692319633485283248e+00
2.549606345918502992e+00 8.142161132872585583e+00
1.151883525130014546e-01 7.818849358022728069e-02
1.620386381099727879e+00 4.125322184403628967e+00
1.138803210758333462e+00 2.430541384030953989e+00
3.916235634159986184e-02 1.550005423699147775e-02
1.138478595140068883e+00 2.429502220119458045e+00
2.826564674683331169e-01 3.005511445532543791e-01
2.032924570634992989e+00 5.797114697110628434e+00
1.260857048105253453e+00 2.831579577461406316e+00
3.854595883681545931e+00 1.513555238707590433e+01
3.506361450916116063e+00 1.313152062682906340e+01
3.653109445500386077e+00 1.396445597434182595e+01
1.858269371311733531e+00 5.066324450056083784e+00
1.319809248846380179e+00 3.032471631953992830e+00
3.115156118726938317e-01 3.477360531677589073e-01
7.776899630901241700e-01 1.371638720914718501e+00
2.798111393587262574e-01 2.960243904264863168e-01
2.099912881341244653e+00 6.085999496535920095e+00
9.255188522170865184e-01 1.780770283866582648e+00
7.042387202222541998e-01 1.181979230030534511e+00
5.235188486477130310e-01 7.575799627126004188e-01
9.365105531919450110e-02 5.731905333855134149e-02
7.682975299171909134e-01 1.346865259546603744e+00
6.018220113597708698e-01 9.337531875669098369e-01
1.308838452484284209e+00 2.994739591807427992e+00
4.254221812553046767e-01 5.549580949771154570e-01
4.194293461291237257e+00 1.717980443421403436e+01
2.267892373424997832e+00 6.830675537407452147e+00
6.818278660071815933e-01 1.126009658332078001e+00
2.207372670485677479e-01 2.074165888022026227e-01
3.457586591536203624e+00 1.285847881553287664e+01
1.130787978549195882e+00 2.404926289767090886e+00
9.455812062729347378e-01 1.838985239807072514e+00
6.103406508962224697e-01 9.536487424491972842e-01
1.077464891365648603e+00 2.236838800027982188e+00
2.840582354635473941e-02 9.575050497681503528e-03
7.680777445243808232e-02 4.257334436876564904e-02
2.787727700283429422e-01 2.943781159040331774e-01
6.623049326729395503e-01 1.077995579652176517e+00
1.811458715279095522e+00 4.876100593182385978e+00
4.074036795520046828e-01 5.200767227201393839e-01
8.177947980751080204e-01 1.479096506284292234e+00
1.095339910878571299e+00 2.292732378198342413e+00
2.713944388397391827e-01 2.827687500274388976e-01
3.620445959618955045e-02 1.377758502200109036e-02
3.607162480211859035e-01 4.332898874896871644e-01
1.652292538674472039e-02 4.247764276677280272e-03
6.914939097813596725e+00 3.636742357832316230e+01
4.566785754277237763e-01 6.172284731230907040e-01
2.077292644867733351e+00 5.987927325610789886e+00
1.824420311469653111e+00 4.928529309756990884e+00
3.688062128852108712e-01 4.479477283004202892e-01
1.402869720247283070e+00 3.323196393187176856e+00
4.299032046146612079e-02 1.782731832725301460e-02
1.726712146882067866e-01 1.435026469645054592e-01
1.765000702558014334e+00 4.689724380336858900e+00
1.972266096287725312e-01 1.751774738928831288e-01
6.025609088311132400e-01 9.354733629344392787e-01
1.125667930284593554e+00 2.388611043086730668e+00
5.909373313936174821e-01 9.085359896062130680e-01
9.873888054089935418e-01 1.962285949806010343e+00
1.414143058282869569e+00 3.363334132252647990e+00
5.485440129531866660e-01 8.125446116998998880e-01
7.481585786827886775e-01 1.294256890507145874e+00
6.985454091957078449e-01 1.167674940541714168e+00
1.087628324893324727e+00 2.268562556609776681e+00
4.996401180915261975e-01 7.063434937606960506e-01
1.430251181699073060e+00 3.420963720971554878e+00
2.585581732755640960e+00 8.315098569969897824e+00
4.628334349966866101e-01 6.297484145659139054e-01
2.710825911234759911e-01 2.822815138855021555e-01
1.941503499284830125e+00 5.410498265148087071e+00
5.991184448535964435e-01 9.274682066957333770e-01
3.051167718722348488e-01 3.370769976635865639e-01
3.478819879573887830e-01 4.103721791094253057e-01
8.432416256469962845e-02 4.897315132755222095e-02
6.725039546238731347e-01 1.102991738258525478e+00
3.936540809710548317e+00 1.562075902606084021e+01
3.312095108296313484e-01 3.812274766841255436e-01
2.685059601372255522e-01 2.782664779862847326e-01
9.338735461927129278e-03 1.804937240561026125e-03
2.107372094244945870e+00 6.118455883142722485e+00
7.069865906111820752e-01 1.188903924415433133e+00
3.071678278189504119e-01 3.404815516770368644e-01
5.706465049047912963e-01 8.621458422499316265e-01
2.057518733486088713e+00 5.902631794476913107e+00
1.224248407171538933e+00 2.709157893950143503e+00
1.234187415845207303e+00 2.742216038058688188e+00
6.121808295903787833e-01 9.579648719158737613e-01
1.789375837081854659e+00 4.787208560562136839e+00
1.188385465672130575e-01 8.193434629264052804e-02
8.234565295163686072e-01 1.494483112951805692e+00
6.366304732512532150e-01 1.015923789265098076e+00
1.158278566767530382e+00 2.493156413563055285e+00
2.447795092318521881e+00 7.659361813388321671e+00
6.810992479159617696e-01 1.124205218032890530e+00
4.069893238040850347e-01 5.192834972753839207e-01
1.831261652977831611e+00 4.956277308540456339e+00
1.146031398202655316e+00 2.453718685322446635e+00
4.608647884741007283e-02 1.978747082531407200e-02
1.668306310308227680e-01 1.362836273835865142e-01
3.753226589550633929e-01 4.598722166109209253e-01
8.253993928375312657e-04 4.742706105642953684e-05
6.421110053996308131e-02 3.254206932710474592e-02
1.491760241798140374e+00 3.644001423698397968e+00
9.721168313701803454e-01 1.916936335960557125e+00
7.553411745162812441e-01 1.312939560980256104e+00
1.794906850422501032e-01 1.520872714058829067e-01
7.989363633404066301e-01 1.428230417804254637e+00
5.135884585653658352e-01 7.361272234895822608e-01
1.897422205724497157e+00 5.227282409627306059e+00
1.136972737136546369e-01 7.667522733663278967e-02
4.025994351134918880e-01 5.109045112132551969e-01
1.795981316735260958e+00 4.813740974654838745e+00
9.120289738793005974e-01 1.741979135176598081e+00
3.005011942456194962e-01 3.294574245532781998e-01
3.547200996061496657e-03 4.225311116274015196e-04
1.619233242533558936e+00 4.120919325558852542e+00
1.525545347075312197e+00 3.768492698233053773e+00
7.365854099297529656e-01 1.264342288377181989e+00
2.614836770820996747e+00 8.456621072380674065e+00
2.760474973856501091e+00 9.172880104007544944e+00
1.395957652872568122e-01 1.043129821878695518e-01
8.991519967964590743e-01 1.705217045658479424e+00
1.867356104570715991e-01 1.613878047767619561e-01
1.670881317824235157e-01 1.365992769219122049e-01
8.134686289049482266e-02 4.640248184203821236e-02
1.062065245700723137e+00 2.189055597721851765e+00
9.435393650141823407e-01 1.833031935949676727e+00
3.418635991584476619e-01 3.997691590020058250e-01
8.781948171719843321e-01 1.645948718885183348e+00
2.747302526067954553e-01 2.879981671508013430e-01
1.559619334199645602e-01 1.231850236551798594e-01
1.331653544850958992e+00 3.073384310809121445e+00
9.268354746545766354e-02 5.643310780283578715e-02
2.788602381220979254e-01 2.945166734410655796e-01
2.102222267060836369e+00 6.096041901613233449e+00
1.030890533801613440e+00 2.093383627682732673e+00
1.595528580331876611e+00 4.030759420654890235e+00
1.270864437210609932e+00 2.865357639113046861e+00
2.463893473340113882e+00 7.735045743427896525e+00
1.263556811027075344e-01 8.983015629456136963e-02
1.843295247796751024e+00 5.005210544381285764e+00
9.442124819177529285e-03 1.834993801329155849e-03
2.255095483044615268e+00 6.772942650778696283e+00
2.960090751295476053e-01 3.220976339732160021e-01
2.159851936115420382e-02 6.348424598741817491e-03
5.590055528029895804e-01 8.358997176408211605e-01
1.525968945191515269e+00 3.770062403013185737e+00
1.734812524851437221e+00 4.569922332292286171e+00
6.154558585594319675e-01 9.656624872275352267e-01
5.586495198684838376e-02 2.640822067520130073e-02
3.213742838686131087e-01 3.643734112686769500e-01
2.373632240658182790e-01 2.312864254471840020e-01
2.831403075351697218e-01 3.013231818954678620e-01
2.056972536529025231e+00 5.900281546944047939e+00
1.977293103213853209e+00 5.560791004808004701e+00
6.598895385956699000e-01 1.072103862869419721e+00
9.370154308107704333e-01 1.814053579131371219e+00
2.983290992920554441e+00 1.030560330346752274e+01
1.383741484756743523e+00 3.255460555890711927e+00
1.807881716644901549e-01 1.537393408504333092e-01
5.549666273230317026e-01 8.268567904972736748e-01
9.267732465583292667e-01 1.784391838755746473e+00
2.085533187422872470e-01 1.904827505099754570e-01
6.382080625297779919e-02 3.224581998828444235e-02
2.461672074444975489e-01 2.442729032459854954e-01
7.135277185057067317e-01 1.205441860924625797e+00
6.946470111778099144e-01 1.157913861168979208e+00
2.675833474041310556e+00 8.754243435828900743e+00
1.223299366903032759e+00 2.706008286107135508e+00
8.669931792890712696e-01 1.614557502179308157e+00
4.593039591049254411e-01 6.225586606103358234e-01
8.115348674487888880e-01 1.462146104673903046e+00
3.771380193445860840e+00 1.464807211911685769e+01
1.665773949077241189e+00 4.299857811787009432e+00
2.652501905412133487e-01 2.732206703102814105e-01
1.495090237441475400e+00 3.656209764405797813e+00
7.164925766657235240e-01 1.212962958118655177e+00
4.886942347242541063e-01 6.832597205434104426e-01
5.598145667845128015e-01 8.377149925651217188e-01
7.280510928665312465e-01 1.242432441473983795e+00
4.298530963920179637e+00 1.782420157028599661e+01
9.587141110918291631e-02 5.936953879996297034e-02
1.782833729337820472e+00 4.760978919161069634e+00
3.995804623857474258e+00 1.597483434474197139e+01
1.429652798682464088e+00 3.418817070970376459e+00
8.387416766199726759e-01 1.536286912251267456e+00
7.094468451760359284e-02 3.779286258162601470e-02
3.788381872359894431e-01 4.663485388614392879e-01
1.774392264951213105e-01 1.494873520510260068e-01
1.196128511795315763e+00 2.616355534894734269e+00
2.468959427110299476e+00 7.758913771639228685e+00
6.222896189755297014e-01 9.817905100090859039e-01
1.146382218522923990e+00 2.454845461059943279e+00
5.670534177850340418e-01 8.540158957414455410e-01
1.860680002244359255e-01 1.605230972516693277e-01
1.058903993819744760e-01 6.891517687595383190e-02
2.534277118030857867e+00 8.068840844168878590e+00
2.082220340980549977e+00 6.009246549531693127e+00
2.615066823172508825e-01 2.674571312617956553e-01
2.747215923257245507e+00 9.106871072713492055e+00
7.511460506948085536e-01 1.302016769899970505e+00
8.578757438655856271e-01 1.589156169872266933e+00
1.488742575739647744e-01 1.148839630722780503e-01
5.316485358037758013e-01 7.752949031118154810e-01
8.282262626584219189e-01 1.507486710196382251e+00
1.452953542752432270e+00 3.502737468626664796e+00
5.251964327608626970e-01 7.612243062840265972e-01
1.154338760543419662e+00 2.480446782207622380e+00
5.882560121449497137e-01 9.023594220096187168e-01
1.885859779962402394e+00 5.179574608364800881e+00
1.148535130473038596e-01 7.784781384639707924e-02
1.673200949484657363e+00 4.328646786098053312e+00
2.175336567972927959e+00 6.416817480582683864e+00
2.117870618639599856e-01 1.949302024162652414e-01
8.667238528563220301e-02 5.103300230294837564e-02
8.029887224804408419e-01 1.439110574998395009e+00
3.005767131148550320e+00 1.042228613520846636e+01
3.351225036454895667e-01 3.880032680216108920e-01
6.570128244390710526e-01 1.065100934734481974e+00
4.762332700431505805e-01 6.572938882937520155e-01
7.941964953442571806e-01 1.415539344835267110e+00
6.782781323819526975e-02 3.532984395009495376e-02
1.753621863392939295e-01 1.468702799940089510e-01
1.297665744137910471e+00 2.956475306974238215e+00
1.257697165540938800e+00 2.820941752920317569e+00
7.146598118534506217e-01 1.208311855675475943e+00
3.677104633274863588e-01 4.459528848776354581e-01
1.004016479544363794e+00 2.012061529626928635e+00
2.617537650125161819e-01 2.678362781859076613e-01
2.747056731840796795e-01 2.879595183109429635e-01
2.252493904829109272e+00 6.761225680937397620e+00
1.064460026277801674e+00 2.196463704529356242e+00
3.360829427880199782e-01 3.896724504611617790e-01
5.291155508102372146e-02 2.434197344128148990e-02
2.501074780494800254e-01 2.501612344002753785e-01
2.984735494179839854e+00 1.031308912642352738e+01
2.181552115611746501e-01 2.037878954374878482e-01
1.427089548446672573e+00 3.409626705448164596e+00
5.614986873430176662e-01 8.414980494464902039e-01
5.475529370865228618e-02 2.562531218507277733e-02
2.025012346804036856e+00 5.763303745167699610e+00
2.572293061859051710e-01 2.609219797953312159e-01
8.449284431944199536e-01 1.553316269064964006e+00
2.357951738024452112e-02 7.241563835244359260e-03
1.040768529420277755e+00 2.123543799883341521e+00
2.114022593818998708e+00 6.147441894738873813e+00
1.087802182767170445e+00 2.269106524454604479e+00
6.776169998076819745e-02 3.527820137866028577e-02
2.113576857982625512e+00 6.145497740461651759e+00
5.151613987158002450e-01 7.395115581894483592e-01
1.281756699138028699e+00 2.902273855605736141e+00
8.487224059908293761e-02 4.945138926777396804e-02
9.965633346181539398e-01 1.989698866936386423e+00
1.727179566290131918e+00 4.539794900682386114e+00
1.883610864272509677e-01 1.634996305729898014e-01
2.003361708813364395e+00 5.671122763710272352e+00
8.630913655268966644e-02 5.071251550649630291e-02
8.708701029550974804e-01 1.625399297914779551e+00
5.778408128243728292e-01 8.785011104633734247e-01
2.647571094243979406e+00 8.615915718097925335e+00
8.204679425282759286e-01 1.486354563941214790e+00
4.603946845613160477e+00 1.975720231123342430e+01
3.125405830621545533e+00 1.105069576779775531e+01
6.646776738549261543e-01 1.083793726124696155e+00
5.692373010789743976e-02 2.716251767723297864e-02
9.872374279782339945e-01 1.961834707470936578e+00
1.099895705927351086e+00 2.307051320114129389e+00
1.885326365669822424e-01 1.637230427196612881e-01
1.847511061952666900e+00 5.022391539651384740e+00
2.056295077245317571e-01 1.864911166572437440e-01
5.771164442109212311e-01 8.768497235826476777e-01
3.405290444012210038e-01 3.974305384952426801e-01
5.425927810316488742e-01 7.993574238057125081e-01
3.173835635681545586e-01 3.576075207638250708e-01
1.552077188522688278e+00 3.867229710607470228e+00
5.574107849498310951e-01 8.323252054352351381e-01
2.132203846289834726e+00 6.226917034050740263e+00
8.538103777450115617e-01 1.577873344068442707e+00
3.984455948769278222e-01 5.030180163594702991e-01
6.617247490829935019e-01 1.076579392810358415e+00
2.276800154818360067e+00 6.870959111065318758e+00
1.781288623654584624e+00 4.754791055364393948e+00
6.762458445379121441e-02 3.517117761729966763e-02
1.262897025718175303e+00 2.838454299811674186e+00
1.050039522733655917e-01 6.805161941826440297e-02
1.561811706666173805e-01 1.234448585409731736e-01
3.278574330344518062e-01 3.754547015232165275e-01
9.433940457515098688e-01 1.832608480496888959e+00
2.017753523689821138e-01 1.812726014111218920e-01
1.327992195642567763e+00 3.060717733684675146e+00
7.744630863859057746e-01 1.363110551450698704e+00
3.264965847773325880e+00 1.179907495105659621e+01
9.826600801556729659e-01 1.948206401062310578e+00
1.524857423996000272e-01 1.190896046351555548e-01
7.439553388333665085e-01 1.283365300701715839e+00
4.296490100571127568e-01 5.632493755189550422e-01
1.534043467108053838e-01 1.201673527602803021e-01
2.636230718750785407e+00 8.560618043556207368e+00
7.729332390112836348e-01 1.359073585138161677e+00
5.538770732478729419e-01 8.244229607463254839e-01
4.340190322001946654e-01 5.718645257713508290e-01
4.775346185583690395e-01 6.599898963918636730e-01
8.154841780686489239e-01 1.472832316082035575e+00
1.127921495696392773e+00 2.395787561529889587e+00
8.606403247555816094e-02 5.049664585577828824e-02
1.593974728801560992e-01 1.272776485820139303e-01
6.310429057092429295e-01 1.002578365266667992e+00
1.265198682068520819e+00 2.846217548152713217e+00
1.860196389915687587e-01 1.604605185941953283e-01
7.132651143834007890e-01 1.204776452561278965e+00
1.630456909925175613e-01 1.316721673385085334e-01
1.291321551923156674e+00 2.934820842863886892e+00
1.317537023002280094e-01 9.564763528846927099e-02
5.095353200812674510e-02 2.300336849489995755e-02
3.848470950179169181e-01 4.774878384936753206e-01
6.220194923896584793e-01 9.811513085962675351e-01
4.471758238753956172e-01 5.980637358653786428e-01
5.915938439649917058e-01 9.100504419005336354e-01
4.788676417675060137e-01 6.627553363237165263e-01
1.956111396631018851e+00 5.471675969193096734e+00
5.875704245518639235e-01 9.007823889028092612e-01
1.466121748111733902e+00 3.550463478615757396e+00
1.815423993213136911e-01 1.547024180942604688e-01
4.198268346681504060e-01 5.440455814868645490e-01
9.784857343294263154e-01 1.935805605632201054e+00
3.800232140944205805e-01 4.685383952679006425e-01
5.055232062028619522e-01 7.188555678358388157e-01
4.229764755446501767e-01 5.501793892193261870e-01
1.348490083676331164e+00 3.131854889639393846e+00
2.226918737022800077e+00 6.646401146136891036e+00
4.449911837660078251e-01 5.936864074561740701e-01
1.576094541090606871e+00 3.957340255745205759e+00
6.110153002252706189e-01 9.552303745490884346e-01
3.228858943281814886e-02 1.160389004137663861e-02
5.471353729552012046e-01 8.094167467870621024e-01
1.817589193900614575e+00 4.900874639107367869e+00
2.102131240397330014e+00 6.095645966066809862e+00
1.903378128230403199e+00 5.251914018436542264e+00
3.068439988299243026e-01 3.399432690738872775e-01
4.647621598865612214e-01 6.336889551292771428e-01
7.606702730929528755e-01 1.326858656893225019e+00
8.445974597752066437e-02 4.909131346177986882e-02
5.544269901351552843e-01 8.256510580326523741e-01
8.646151149720141538e-01 1.607919236226705850e+00
1.310554905751011967e+00 3.000632621015737911e+00
5.991639848535464941e-01 9.275739563310444469e-01
2.240302807589095446e-01 2.120752952918191492e-01
1.075001016813084860e-02 2.229170608246213315e-03
2.114573769282128684e-03 1.944752133298896393e-04
2.056920217313101151e+00 5.900056437369779694e+00
8.662921056285256549e-01 1.612599537154005169e+00
7.544415992433034512e-01 1.310594786964619285e+00
1.478119586402018015e-01 1.136565197277729783e-01
1.947591933089588001e-01 1.719004233346171084e-01
7.135468468169364753e-01 1.205490334630037852e+00
1.003040865679900584e+00 2.009129528676957044e+00
5.374454613407944059e-01 7.880097575350949457e-01
1.004338602150172344e+00 2.013029913860110209e+00
9.444614458345931829e-02 5.805055107776945639e-02
2.074213463656129214e-02 5.974618358994010850e-03
2.548101785778724149e-01 2.572498640920969915e-01
3.746871794813470546e-01 4.587047586491477258e-01
2.952426284439034765e-01 3.208474486976792273e-01
7.432893910969959883e-01 1.281642489766747328e+00
6.712723488746017431e-01 1.099963141602898764e+00
1.685929532489113813e-01 1.384487767966519067e-01
1.604916445123067303e+00 4.066386327076850549e+00
2.963787782469806120e-01 3.227012523247817510e-01
9.918876430680614309e-01 1.975712353893886553e+00
6.232886284952492140e-02 3.112173504105575361e-02
4.117248133513518038e-01 5.283729278875788360e-01
5.904459612753009123e-01 9.074030404812907236e-01
1.347278419413873607e+00 3.127634720577321836e+00
6.296189036985713194e-01 9.991866753946221369e-01
9.181646348910837974e-02 5.564303844947801614e-02
4.194407717814054415e+00 1.718050643018900558e+01
6.135499157564312522e-01 9.611802685761512421e-01
3.643962747425102955e-01 4.399374046286527729e-01
1.626207613343571889e+00 4.147572445696830812e+00
6.966277424568130261e-01 1.162869940304182892e+00
1.514406058941100808e+00 3.727292740320313325e+00
8.704015877362444309e-01 1.624087813216056553e+00
7.109648648087258938e-01 1.198953124858552322e+00
8.464481209123163596e-01 1.557508815605710861e+00
1.772928824442472129e+00 4.721358159113939301e+00
7.306054815412973413e-01 1.248976839550422602e+00
8.050779494928599345e-01 1.444730672941698657e+00
2.861154846314483802e+00 9.679257406882147308e+00
5.698258152709509972e-01 8.602866360028105230e-01
1.491293475476183961e+00 3.642291265420921409e+00
1.380449066385146528e-01 1.025794997265464942e-01
5.908875290790368551e-01 9.084211392504577542e-01
4.176611503193983221e-01 5.398413116072989792e-01
2.349132625634903215e-01 2.277148223417934658e-01
3.922273333142162755e-01 4.912887038275083884e-01
3.872545532203131025e-01 4.819753138490294742e-01
2.776706070106127022e+00 9.253901237785045808e+00
8.837016065301138701e-01 1.661454538651907065e+00
1.578042585104555695e-01 1.253741708973203361e-01
2.312069625963583341e+00 7.031230869713938070e+00
1.355539588679677970e-02 3.156445566533870074e-03
5.899838999042953391e-01 9.063380983470983310e-01
9.778863873268557605e-02 6.115931274165711112e-02
9.977525635056958553e-01 1.993261480165348765e+00
1.376906753382779736e-02 3.231370759335896580e-03
1.733570616032721334e+00 4.565015971300382169e+00
1.894411698108372467e-03 1.649079321557179285e-04
1.174168065585792009e+00 2.544634390852464456e+00
5.349682075218792354e-01 7.825677663080431445e-01
3.794769662431563884e+00 1.478455051691004662e+01
3.292001789553894442e-01 3.777635835791248731e-01
1.917943287794922957e+00 5.312312778764642474e+00
8.630462402882029815e-01 1.603544782705391247e+00
6.091309997271355803e-01 9.508150530669227107e-01
1.032496207299813118e-01 6.635332541702308740e-02
1.953492634473486200e+00 5.460691762610387912e+00
1.259153016029033179e+00 2.825841252327419895e+00
6.454167823275223925e-02 3.279369676019156660e-02
4.679606643477165484e+00 2.024622313584655586e+01
9.040239952148872993e-01 1.719095219447824618e+00
1.973586800107214545e+00 5.545163339957025705e+00
9.765653145387093170e-02 6.103542011319412069e-02
3.195773355255157044e-01 3.613216234734870635e-01
9.473501697206930527e-02 5.831708420263063269e-02
1.002837511119103464e+00 2.008518569106591212e+00
9.773808289674948413e-02 6.111189066035389861e-02
1.281257602363125470e+00 2.900578867970208918e+00
1.000122124655923317e+00 2.000366385153366178e+00
4.564524218989852167e-01 6.167700398120277150e-01
2.748350153852852640e-01 2.881629161948655593e-01
3.969268795539217520e-01 5.001448032170338065e-01
2.942459212552819836e-01 3.192241012497895603e-01
4.550636792553616750e-01 6.139574256540005770e-01
1.176912895727011854e+00 2.553562417927862427e+00
3.984904992007746838e+00 1.590951545309030912e+01
1.252636044232486867e+00 2.803931192730252153e+00
4.040722067107256343e-01 5.137105262344016099e-01
1.163691972427569055e-01 7.939388488587381665e-02
5.725210894969305908e-01 8.663975774023876530e-01
6.948807638657128471e-01 1.158498377279814529e+00
6.164241531085616621e-02 3.060902290947707660e-02
1.130446776455933611e+00 2.403837884162839167e+00
3.929691651496866056e-01 4.926831472074585383e-01
3.582443107210214750e-01 4.288436154914733178e-01
3.253505381855181441e-03 3.711566873206148466e-04
4.252994730105538745e-01 5.547180051581488414e-01
1.360495420599981742e+00 3.173771252846294466e+00
1.667609897242434025e+00 4.306968462241841600e+00
4.104859043462437462e+00 1.663325970256770248e+01
2.051176261786511468e-01 1.857951908009507214e-01
2.032101757330798009e+00 5.793595535245980699e+00
1.660146298373753160e+00 4.278086266538943860e+00
1.882403630504305703e+00 5.165342495366376241e+00
2.438742504764758456e-01 2.408678949315409268e-01
7.679678247642228728e-01 1.345998367319027667e+00
9.221732727859330847e-01 1.771123282348193273e+00
9.436934607822058951e-02 5.797976011287284126e-02
3.754798584159217523e+00 1.455157371926801702e+01
3.628776330798411665e-01 4.371900767601188953e-01
1.653934663705325159e+00 4.254098287788609767e+00
4.474800959665654609e+00 1.893174209475342096e+01
6.760314882190585073e-02 3.515445610968753049e-02
2.226418471954149325e+00 6.644161655627143226e+00
3.819236783502955479e+00 1.492776784301851123e+01
1.666880778950802500e-01 1.361089876223353923e-01
1.912791721725201066e-01 1.673137067881096396e-01
1.517546954463079523e+00 3.738894422422346597e+00
1.524815275227079825e+00 3.765787821668905355e+00
1.401509289051615426e+00 3.318363566860052405e+00
3.140857161723825675e-02 1.113274534639995678e-02
5.143626746542118849e-02 2.333104356433936613e-02
6.469613498584994016e-01 1.040752589251110471e+00
4.242413558105598281e-01 5.526491402617003112e-01
2.573106185834091342e+00 8.254990141606887377e+00
4.259111621592761021e-01 5.559151743837622561e-01
3.304192504390372487e-01 3.798638872298699121e-01
2.386086673480158349e-01 2.331091487273820595e-01
1.782509845192563835e+00 4.759681600577466476e+00
7.430336525115022184e-01 1.280981097487903675e+00
3.374075334925796255e-01 3.919784202825840613e-01
2.946676146540381236e+00 1.011646088983636282e+01
1.126422462603630381e-01 7.561047201415668773e-02
6.965709684451522055e-01 1.162727785228316879e+00
5.898489887869909909e-01 9.060272387750271106e-01
1.321949964468543515e+00 3.039852574738253654e+00
7.173583534485826751e-01 1.215162155384191589e+00
2.985229235761537314e-01 3.262094402204122612e-01
3.085042852828765891e+00 1.083731750241458869e+01
1.651815891594510033e+00 4.245926340870409099e+00
9.775845173544507605e-02 6.113099544107627320e-02
3.699181779838792150e-02 1.422946283296827596e-02
7.584809780643585464e-01 1.321134506732616787e+00
8.859861844716726553e-01 1.667901581153878654e+00
7.730745462974386584e-01 1.359446299948817938e+00
1.739202217728015309e+00 4.587278594101506179e+00
4.333388299418263756e+00 1.804144859288538072e+01
1.102488909485251689e+00 2.315215064966399616e+00
3.212513963925017535e+00 1.151589063592883555e+01
1.056019871939983368e+00 2.170391759105279927e+00
6.865157594838610100e-01 1.137642380770939265e+00
1.110255518755521864e+00 2.339722796749962530e+00
3.005780648856161807e+00 1.042235644283820228e+01
6.074919611215211512e-01 9.469799820434201543e-01
3.269572146716099859e-01 3.739093998207942970e-01
6.218749727319041742e-01 9.808093882467634472e-01
7.261114119810044842e-01 1.237470598891124762e+00
4.107570247066295588e-01 5.265110554952242561e-01
3.479740983484742034e-01 4.105351742278774974e-01
2.343137065796148999e+00 7.173424584782059910e+00
5.898349886564097089e-01 9.059949819822881167e-01
6.904386369273349811e-01 1.147407344373531757e+00
2.068623695233526849e-01 1.881708030017980593e-01
2.835376810284532478e+00 9.548742243827017973e+00
1.304910916966747436e+00 2.981269879879903328e+00
1.571644685023988020e+00 3.940592695163060988e+00
9.220237998598044271e-01 1.770692683902922893e+00
2.574346217097698425e-02 8.260958227436736648e-03
3.788601522729959648e-01 4.663890977797397475e-01
2.803699130191260047e-01 2.969115594560425286e-01
1.527519509949534227e+00 3.775810105794170202e+00
3.417435954978389478e+00 1.263515494913529658e+01
3.789999832759361809e+00 1.475668415237197806e+01
3.214694177167971123e+00 1.152761573201313539e+01
6.170354385223031368e-01 9.693824601085909709e-01
2.207581084871036214e+00 6.560017411205432580e+00
4.205993835275453896e-01 5.455479690970700402e-01
9.363622130924354955e-03 1.812156974190379070e-03
8.172390877257569297e-01 1.477589142354487795e+00
1.763682965023905647e+00 4.684473386186481569e+00
1.547508147946917267e+00 3.850165624605583758e+00
1.434412732704682392e-01 1.086528676663371246e-01
1.301280575135059688e-02 2.968837424675302948e-03
3.483535772427051480e+00 1.300350436105798302e+01
9.833740381434989963e-01 1.950330009471963555e+00
1.780668417327249786e+00 4.752307997801494821e+00
4.784188983130205908e-01 6.618239596516750645e-01
2.339002129617200609e-01 2.262434014236368307e-01
7.566639375104371457e-01 1.316389924943961676e+00
1.597260623924918743e+00 4.037324654400113566e+00
1.958746465901027412e+00 5.482735998667497057e+00
6.893925268478495738e+00 3.620177397595465152e+01
4.807134879994666432e-02 2.107945884715485205e-02
1.524098932023545405e+00 3.763134438300167695e+00
1.236433335952648038e+00 2.749704688997957724e+00
7.436200412973960339e-02 4.055614102523474873e-02
7.026897762532273717e-01 1.178081803330669475e+00
1.790809708397254285e+00 4.792963876883898244e+00
1.350939776029752348e+00 3.140392843672622281e+00
3.065258245750327459e-01 3.394146625842281439e-01
5.725369912540910766e-01 8.664336739055511494e-01
5.804765481001131211e-02 2.797093688824433405e-02
2.944781490048889339e+00 1.010670542165439301e+01
6.742121141088739389e-01 1.107196802796928337e+00
4.886114663082732346e-01 6.830861459659846036e-01
1.128871436044261545e+00 2.398814812621625769e+00
3.162199826107883749e-01 3.556427512959656756e-01
5.492391260074477310e-01 8.140895814208662928e-01
1.961985146264319413e+00 5.496339725099810281e+00
8.630106828097008353e-01 1.603445684732673904e+00
1.095345394584393617e+00 2.292749595710690258e+00
2.695153529702360995e+00 8.849225465717914574e+00
1.289876840237486499e+00 2.929897068647403291e+00
3.737268895213697872e-01 4.569424596814546935e-01
4.129219369073990897e-01 5.306790333859987552e-01
8.080316740244241069e-01 1.452688749764022402e+00
1.204855480077209329e+00 2.645041142120273747e+00
2.813777043671272793e+00 9.439837511389319147e+00
1.208792351983491775e+00 2.658015756083990322e+00
4.522385200508081959e-02 1.923451865373827785e-02
6.986762392082117579e-01 1.168002995263145660e+00
5.475711246657167797e-01 8.103838976029509311e-01
3.887924109825843799e-01 4.848491788080324660e-01
7.251290081283057838e-04 3.905286626577903739e-05
1.569903327145152794e+00 3.934045336422713923e+00
6.127949003484262080e-01 9.594066167743167117e-01
2.646978091597842031e+00 8.613021192587021702e+00
3.260691384216363176e+00 1.177591167425819840e+01
1.077132319689634743e+00 2.235803241708103517e+00
3.337562918664676581e-01 3.856329974695316132e-01
5.682731425904274936e-01 8.567728432105561343e-01
1.400115918158801653e+00 3.313416155698401422e+00
8.119643393202965465e-01 1.463306930390452232e+00
1.151338499367524415e+00 2.470782612527135047e+00
9.570816231699907917e-01 1.872636404242923103e+00
2.329392327215510650e-01 2.248505512255399574e-01
8.572187881746133886e-01 1.587331071135386296e+00
3.414983165803112120e-01 3.991285978495047737e-01
1.356707352414857903e-01 9.994458374153071534e-02
1.831374036747307477e+00 4.956733562569995755e+00
1.575938292286921116e-01 1.251234780461758234e-01
1.570520824275845051e+00 3.936366658246511552e+00
1.419133837709472656e+00 3.381154599501429825e+00
4.700545378938253971e-01 6.445437035803817105e-01
2.619685436590554195e-01 2.681660001604496135e-01
2.119400859765762313e+00 6.170916286977687903e+00
8.700568480688163353e-01 1.623123030881873152e+00
3.060877918115308960e-01 3.386873750128006066e-01
3.345169158572775636e+00 1.223649738620522598e+01
2.324403606088615293e-01 2.241286145067954150e-01
3.271969153210489006e-03 3.743206589096320235e-04
1.327812467704497124e+00 3.060096407132730789e+00
2.904860885701066486e+00 9.901887865759173124e+00
2.847212045264586183e-02 9.608591144976069004e-03
6.919855275584543830e-02 3.640621361477040796e-02
7.780467818436468397e-01 1.372582829577154051e+00
1.760093771588961520e+00 4.670180916003298321e+00
1.262757593376165333e-01 8.974494149612821658e-02
1.032296426282957702e+00 2.097667412516857954e+00
3.004147944678152715e+00 1.041386564666221126e+01
1.223312177396426392e+00 2.706050792536425664e+00
5.508500162527274480e-01 8.176737308587079811e-01
6.633400354786515019e-01 1.080523732606832654e+00
1.728186869600611131e-01 1.436865268832902554e-01
1.373990935372928213e-01 1.018604984410149128e-01
4.784015585689420091e-01 6.617879794025368634e-01
1.667326042086980431e+00 4.305868831706472832e+00
2.034182190051681438e+00 5.802494895317843238e+00
1.153244296357174514e+00 2.476919936354698759e+00
3.887899567227292019e-01 4.848445878850982660e-01
2.525515415185914936e-01 2.538370612758592548e-01
2.992941176023454775e-01 3.274743339187159430e-01
1.475262566477638648e-01 1.133271532980768270e-01
3.199552717761168785e-01 3.619627683070349988e-01
1.047919938488595104e+00 2.145468542316456784e+00
1.482342875402630628e-02 3.609549493859441714e-03
9.832643933627291388e-02 6.166453549193964823e-02
1.700885461632607731e-01 1.402951310867870949e-01
2.096625773769107137e-01 1.920044861620176235e-01
7.133792879913390950e-01 1.205065740182478029e+00
2.613596202805715585e+00 8.450603620747866529e+00
5.656913319138973106e-01 8.509406717957330724e-01
1.102776252313506733e+00 2.316120249296227840e+00
1.966020644746827806e+00 5.513306116665382284e+00
1.474794247744867781e-01 1.132731944118992584e-01
8.434895773210451808e-02 4.899475344091409890e-02
3.571685994517266594e-02 1.350019065693030228e-02
3.480315210773003431e-01 4.106367982680715345e-01
8.591160845994194606e-01 1.592603884949658655e+00
5.597128583808448354e-01 8.374867059423540816e-01
3.534293529430510006e-01 4.202269673499466340e-01
7.222925138787009702e-01 1.227720948378232757e+00
2.290895704037020142e+00 6.934864381382848997e+00
1.517406162624516663e-01 1.182177695031801645e-01
5.244440601641737310e+00 2.402031797127269641e+01
5.652797403843390356e-01 8.500121364690034209e-01
9.798367221880514011e-01 1.939816117412383800e+00
2.133197055479894022e+00 6.231268413071011203e+00
3.203293407189491404e-01 3.625977254825518692e-01
3.519635950444662820e-01 4.176155037383509350e-01
8.159590026495968651e-01 1.474118862397787888e+00
1.854915391666003277e+00 5.052614371455381281e+00
9.030696462120533230e-01 1.716373747859098353e+00
1.476176636242904072e-01 1.134324955310298810e-01
1.051808775313755939e+00 2.157422384256349357e+00
7.761173816555549942e-01 1.367480400335306490e+00
4.848790405590839292e-01 6.752741316921236914e-01
1.986968592662569533e+00 5.601656827922244730e+00
2.049974675563090987e+00 5.870197859052389333e+00
4.731158815254023486e-01 6.508505642005005809e-01
3.664514807878327951e-01 4.436645380644907433e-01
2.428071538910565319e-01 2.392887125996657760e-01
2.409088321301711133e-01 2.364879840107936559e-01
3.287900900919567271e-02 1.192361856233965095e-02
7.032796474183412583e-01 1.179565521307284426e+00
2.862392070205278305e+00 9.685536359087103975e+00
8.141881841171452194e-01 1.469322701949033139e+00
2.365650129698414261e+00 7.277056847148006824e+00
1.044853424254791191e-01 6.754808655220705116e-02
4.304257692012349902e-03 5.647775070009450555e-04
4.473617719100295154e-01 5.984368117243004104e-01
5.308558630152682145e-01 7.735616357272997456e-01
4.080379182763635093e+00 1.648468984770853041e+01
7.522973009185233151e-01 1.305011236741081770e+00
3.167775877063866985e-01 3.565838474491704879e-01
1.193835430952031817e+00 2.608835475325295139e+00
5.206907601889732895e+00 2.376291979941248300e+01
3.855399444489968075e-01 4.787778678426241052e-01
1.854719988325033778e-02 5.051816002108104262e-03
3.132802989678368233e-01 3.506950391759517949e-01
3.619631658327531198e-01 4.355385116544749913e-01
2.334609365002966008e+00 7.134299392143047314e+00
4.142470860132124066e+00 1.686239229812982998e+01
3.015229987032648218e-01 3.311392501958067558e-01
1.268538302222929293e+00 2.857494301053406627e+00
2.785417284937488525e+00 9.297483045963399917e+00
1.444590263984658840e+00 3.472538112433802837e+00
1.022117933680094931e-01 6.535540467843224677e-02
1.178226775745462529e+00 2.557839723654493191e+00
8.489681381284418515e-01 1.564469435149163035e+00
4.822250867325226231e+00 2.117896318725175675e+01
2.198983124154317181e+00 6.521730379679921086e+00
1.550099601695674734e+00 3.859840890685976689e+00
1.018319276690852204e+00 2.055208763743581635e+00
5.134107721998532270e+00 2.326630733724792321e+01
5.224439893265987456e-01 7.552480301216615288e-01
4.999765380312548024e-01 7.070570114188081678e-01
1.422267791026377237e+00 3.392360972415572995e+00
4.235646931792294012e-01 5.513274591178645156e-01
2.280299994270613972e-01 2.177799906901693727e-01
1.122288616064271105e+00 2.377863016109733607e+00
4.104629817690087279e+00 1.663186645670988995e+01
1.215599905918285817e+00 2.680501054166613439e+00
